#
#wb	min(sz)	t
2.981737267999999830e+00	9.178969388323019452e-01	8.427106776694174073e+00
2.983739270002002009e+00	9.178201489620489983e-01	6.844211052763191105e+01
2.985741272004003743e+00	9.177556238424739998e-01	7.786946736684171810e+01
2.987743274006005922e+00	9.178173224385525186e-01	8.427106776694174073e+00
2.989745276008007657e+00	9.176614745800412143e-01	1.785446361590397757e+01
2.991747278010009836e+00	9.175797038760017399e-01	1.785446361590397757e+01
2.993749280012012015e+00	9.175259485862531372e-01	2.728182045511378107e+01
2.995751282014013750e+00	9.174886235203859597e-01	3.670917729432358101e+01
2.997753284016015929e+00	9.174130700075354694e-01	6.496624156039010245e+01
2.999755286018017664e+00	9.177711810011834892e-01	8.382095523880970234e+01
3.001757288020019843e+00	9.173207737086225277e-01	9.522380595148787563e+01
3.003759290022022022e+00	9.172090168905357999e-01	4.811202800700175430e+01
3.005761292024023756e+00	9.171679854636268781e-01	2.925731432858214731e+01
3.007763294026025935e+00	9.170846635912537348e-01	6.894223555888972044e+01
3.009765296028027670e+00	9.170177561663801491e-01	8.977244311077770078e+01
3.011767298030029849e+00	9.170007997305162917e-01	7.091772943235808668e+01
3.013769300032032028e+00	9.169540470550514577e-01	6.149037259314828674e+01
3.015771302034033763e+00	9.169496780744220699e-01	3.125781445361340616e+01
3.017773304036035942e+00	9.168338455898700223e-01	8.432108027006752593e+01
3.019775306038037677e+00	9.167422629651782451e-01	9.572393098274568501e+01
3.021777308040039856e+00	9.166389070789542348e-01	8.629657414353589218e+01
3.023779310042042034e+00	9.166154865086331149e-01	6.546636659164791183e+01
3.025781312044043769e+00	9.165473704275968192e-01	3.323330832708177240e+01
3.027783314046045948e+00	9.164807218864693406e-01	6.744186046511627808e+01
3.029785316048047683e+00	9.168669665108976075e-01	9.224806201550387641e+01
3.031787318050049862e+00	9.164268557468694398e-01	5.801450362590647813e+01
3.033789320052052041e+00	9.162734839039639034e-01	3.520880220055013865e+01
3.035791322054053776e+00	9.162106182506566388e-01	2.380595148787196891e+01
3.037793324056055955e+00	9.161849730714903828e-01	8.479619904976244982e+01
3.039795326058057690e+00	9.160976163714592557e-01	1.240310077519379917e+01
3.041797328060059868e+00	9.160491989791675893e-01	1.240310077519379917e+01
3.043799330062062047e+00	9.159596832362074670e-01	8.877219304826206780e+01
3.045801332064063782e+00	9.159070044018858825e-01	7.736934233558389451e+01
3.047803334066065961e+00	9.158383025069909422e-01	5.256314078519630328e+01
3.049805336068067696e+00	9.160534320507800476e-01	7.934483620905226076e+01
3.051807338070069875e+00	9.156803118021226151e-01	6.794198549637410167e+01
3.053809340072072054e+00	9.156351989958579907e-01	9.669917479369843250e+01
3.055811342074073789e+00	9.155827060771404291e-01	5.653913478369592838e+01
3.057813344076075968e+00	9.155119988061024561e-01	1.437859464866216541e+01
3.059815346078077702e+00	9.154502869771947715e-01	5.851462865716429462e+01
3.061817348080079881e+00	9.153710020613423648e-01	2.975743935983996025e+01
3.063819350082082060e+00	9.153272103774355850e-01	9.124781195298825764e+01
3.065821352084083795e+00	9.153885863575463855e-01	7.786946736684171810e+01
3.067823354086085974e+00	9.151772508993001320e-01	4.711177794448612133e+01
3.069825356088087709e+00	9.151099914450924189e-01	6.446611652913227886e+01
3.071827358090089888e+00	9.150546906537038172e-01	8.182045511377845060e+01
3.073829360092092067e+00	9.150736438556807961e-01	3.373343335833958889e+01
3.075831362094093802e+00	9.149091315922722734e-01	8.579644911227806858e+01
3.077833364096095980e+00	9.148548312733844057e-01	8.777194298574643483e+01
3.079835366098097715e+00	9.147937742316734067e-01	3.570892723180795514e+01
3.081837368100099894e+00	9.147195068275176810e-01	9.174793698424606703e+01
3.083839370102102073e+00	9.146274645261577296e-01	9.372343085771443327e+01
3.085841372104103808e+00	9.146308214872277409e-01	7.636909227306827574e+01
3.087843374106105987e+00	9.145123685198297547e-01	5.901475368842211111e+01
3.089845376108107722e+00	9.144530239681366579e-01	2.033008252063015675e+01
3.091847378110109901e+00	9.143955915860779715e-01	4.166041510377594648e+01
3.093849380112112080e+00	9.144384234569861158e-01	8.429607401850462622e+01
3.095851382114113814e+00	9.142432764682894009e-01	4.363590897724431272e+01
3.097853384116115993e+00	9.141861238410962098e-01	9.024756189047262467e+01
3.099855386118117728e+00	9.142018937882381291e-01	9.222305576394099091e+01
3.101857388120119907e+00	9.140826519946785300e-01	4.761190297574393782e+01
3.103859390122122086e+00	9.139884096985821937e-01	4.958739684921230406e+01
3.105861392124123821e+00	9.139644475848853755e-01	7.686921730432608513e+01
3.107863394126126000e+00	9.138224766381000119e-01	7.884471117779445137e+01
3.109865396128127735e+00	9.138274212662556018e-01	8.082020505126281762e+01
3.111867398130129914e+00	9.137020600122184311e-01	8.479619904976244982e+01
3.113869400132132093e+00	9.136802119710587533e-01	8.677169292323081606e+01
3.115871402134133827e+00	9.135543953053941735e-01	9.074768692173043405e+01
3.117873404136136006e+00	9.135408117670039685e-01	3.223305826456613943e+01
3.119875406138137741e+00	9.134255284360205396e-01	9.867466866716679874e+01
3.121877408140139920e+00	9.133877663147855763e-01	3.420855213803451278e+01
3.123879410142142099e+00	9.133730131963966326e-01	3.620905226306576452e+01
3.125881412144143834e+00	9.132263776420692647e-01	7.536884221055264277e+01
3.127883414146146013e+00	9.131780388519824543e-01	7.934483620905226076e+01
3.129885416148147748e+00	9.131577172449006907e-01	4.016004001000250412e+01
3.131887418150149927e+00	9.129944807034721110e-01	8.727181795448862545e+01
3.133889420152152105e+00	9.129397367644922490e-01	9.322330582645662389e+01
3.135891422154153840e+00	9.128783759580807455e-01	9.917479369842460812e+01
3.137893424156156019e+00	9.127987829987787016e-01	5.206301575393848680e+01
3.139895426158157754e+00	9.127736512191356733e-01	5.603900975243811189e+01
3.141897428160159933e+00	9.126997997495389647e-01	5.998999749937484438e+01
3.143899430162162112e+00	9.126268181201849794e-01	6.594148537134283572e+01
3.145901432164163847e+00	9.125375200109329121e-01	7.189297324331083416e+01
3.147903434166166026e+00	9.124460339879909565e-01	7.784446111527881840e+01
3.149905436168167761e+00	9.124027878047180629e-01	8.777194298574643483e+01
3.151907438170169939e+00	9.123205238731605382e-01	9.767441860465116577e+01
3.153909440172172118e+00	9.123003283448850587e-01	1.000250062515628979e+00
3.155911442174173853e+00	9.122201642280285405e-01	2.975743935983996113e+00
3.157913444176176032e+00	9.121342860864387614e-01	2.975743935983996113e+00
3.159915446178178211e+00	9.120509819720964417e-01	2.975743935983996113e+00
3.161917448180179946e+00	9.119702571095454902e-01	2.975743935983996113e+00
3.163919450182182125e+00	9.118921165907691861e-01	2.975743935983996113e+00
3.165921452184183860e+00	9.118165652943932553e-01	2.975743935983996113e+00
3.167923454186186039e+00	9.117206369206494188e-01	9.817454363590897515e+01
3.169925456188188218e+00	9.116732488642594889e-01	2.975743935983996113e+00
3.171927458190189952e+00	9.116054924424363826e-01	2.975743935983996113e+00
3.173929460192192131e+00	9.115403426699122402e-01	2.975743935983996113e+00
3.175931462194193866e+00	9.114778033710640992e-01	2.975743935983996113e+00
3.177933464196196045e+00	9.114178781572302990e-01	2.975743935983996113e+00
3.179935466198198224e+00	9.113605704265391738e-01	2.975743935983996113e+00
3.181937468200199959e+00	9.113058833645935053e-01	2.975743935983996113e+00
3.183939470202202138e+00	9.111766343896701148e-01	9.867466866716679874e+01
3.185941472204203873e+00	9.110733538462695291e-01	8.874718679669918231e+01
3.187943474206206051e+00	9.110449258822207463e-01	8.082020505126281762e+01
3.189945476208208230e+00	9.110223748604527882e-01	7.089272318079520119e+01
3.191947478210209965e+00	9.109352775695575000e-01	6.694173543385846870e+01
3.193949480212212144e+00	9.108098045785762986e-01	6.099024756189047736e+01
3.195951482214213879e+00	9.107153127526447234e-01	5.701425356339085226e+01
3.197953484216216058e+00	9.107569645591598873e-01	5.303825956489122717e+01
3.199955486218218237e+00	9.105681583215828878e-01	4.908727181795448757e+01
3.201957488220219972e+00	9.105858250404206267e-01	9.319829957489372418e+01
3.203959490222222151e+00	9.104426471281552580e-01	4.313578394598649624e+01
3.205961492224223885e+00	9.103290949273807886e-01	8.329582395598900746e+01
3.207963494226226064e+00	9.102903501778699669e-01	7.931982995748937526e+01
3.209965496228228243e+00	9.102049535944729541e-01	3.718429607401850490e+01
3.211967498230229978e+00	9.101251830661641895e-01	7.139284821205301057e+01
3.213969500232232157e+00	9.101278655983884303e-01	6.941735433858464432e+01
3.215971502234233892e+00	9.099833805764947492e-01	6.544136034008502634e+01
3.217973504236236071e+00	9.099103106481619685e-01	3.123280820205051356e+01
3.219975506238238250e+00	9.098389387207856949e-01	9.172293073268318153e+01
3.221977508240239985e+00	9.097582084465603014e-01	8.774693673418354933e+01
3.223979510242242164e+00	9.097687798516834734e-01	8.379594898724681684e+01
3.225981512244243898e+00	9.096208027974811428e-01	8.179544886221555089e+01
3.227983514246246077e+00	9.095811929651970162e-01	7.981995498874718464e+01
3.229985516248248256e+00	9.094551028344378674e-01	2.528132033008252222e+01
3.231987518250249991e+00	9.093562610855059347e-01	7.386846711677920041e+01
3.233989520252252170e+00	9.092951042921665339e-01	9.617404351087772341e+01
3.235991522254253905e+00	9.092279739127880900e-01	2.330582645661415597e+01
3.237993524256256084e+00	9.091253697180550208e-01	6.791697924481120197e+01
3.239995526258258263e+00	9.090635395550825670e-01	6.594148537134283572e+01
3.241997528260259998e+00	9.090894337725247132e-01	6.396599149787446947e+01
3.243999530262262176e+00	9.089500713420343159e-01	4.163540885221305388e+01
3.246001532264263911e+00	9.089270232642019387e-01	8.032008002000500824e+01
3.248003534266266090e+00	9.087426024423322923e-01	3.965991497874468763e+01
3.250005536268268269e+00	9.086770745537079419e-01	9.667416854213553279e+01
3.252007538270270004e+00	9.086304184266198458e-01	3.768442110527632138e+01
3.254009540272272183e+00	9.086789108012279792e-01	9.269817454363591480e+01
3.256011542274273918e+00	9.084348728207152224e-01	5.403850962740685304e+01
3.258013544276276097e+00	9.083508575271256325e-01	7.039259814953739181e+01
3.260015546278278276e+00	9.082881962443850599e-01	6.841710427606902556e+01
3.262017548280280010e+00	9.081956926398170316e-01	3.370842710677669629e+01
3.264019550282282189e+00	9.081572191755420409e-01	9.914978744686172263e+01
3.266021552284283924e+00	9.080483789975308806e-01	6.444111027756939336e+01
3.268023554286286103e+00	9.079622929887143368e-01	7.881970492623156588e+01
3.270025556288288282e+00	9.078835594302369083e-01	9.319829957489372418e+01
3.272027558290290017e+00	9.078349878426553721e-01	9.122280570142535794e+01
3.274029560292292196e+00	9.078145934685787344e-01	8.922230557639410620e+01
3.276031562294293931e+00	9.076661887638651782e-01	5.848962240560140202e+01
3.278033564296296110e+00	9.078833927292646599e-01	9.964991247811953201e+01
3.280035566298298289e+00	9.074745819867604535e-01	5.651412853213303578e+01
3.282037568300300023e+00	9.074069923605370125e-01	2.775693923480870495e+01
3.284039570302302202e+00	9.073553837915776521e-01	9.567391847961991402e+01
3.286041572304304381e+00	9.072516542983470877e-01	6.691672918229558320e+01
3.288043574306306116e+00	9.072009745219413723e-01	1.337834458614653776e+01
3.290045576308308295e+00	9.070907566535829636e-01	2.578144536134033515e+01
3.292047578310310030e+00	9.070808954901903309e-01	2.578144536134033515e+01
3.294049580312312209e+00	9.069163809224616291e-01	7.534383595898975727e+01
3.296051582314314388e+00	9.070382142586747021e-01	9.814953738434608965e+01
3.298053584316316122e+00	9.067892790942607695e-01	4.858714678669667819e+01
3.300055586318318301e+00	9.066599496463236818e-01	8.377094273568393135e+01
3.302057588320320036e+00	9.065771442675332192e-01	5.898974743685921851e+01
3.304059590322322215e+00	9.065385552249184409e-01	1.140285071267816974e+01
3.306061592324324394e+00	9.064285399954793432e-01	1.140285071267816974e+01
3.308063594326326129e+00	9.063385712580024345e-01	9.022255563890972496e+01
3.310065596328328308e+00	9.062603927038216378e-01	4.461115278819705310e+01
3.312067598330330043e+00	9.061795947346846791e-01	9.864966241560389903e+01
3.314069600332332222e+00	9.060956487776054002e-01	7.584396099024756666e+01
3.316071602334334401e+00	9.060317607520542715e-01	4.263565891472868685e+01
3.318073604336336135e+00	9.059192277359803258e-01	8.427106776694174073e+01
3.320075606338338314e+00	9.064147938473957611e-01	9.269817454363591480e+01
3.322077608340340049e+00	9.057509758513583309e-01	6.146536634158540124e+01
3.324079610342342228e+00	9.057171732872776326e-01	3.023255813953488413e+01
3.326081612344344407e+00	9.055826678365321847e-01	6.989247311827956821e+01
3.328083614346346142e+00	9.055257819508798489e-01	1.982995748937234382e+01
3.330085616348348321e+00	9.055287709612666047e-01	7.831957989497374228e+01
3.332087618350350056e+00	9.053348176091189359e-01	8.674668667166791636e+01
3.334089620352352235e+00	9.052477742079271250e-01	9.517379344836209043e+01
3.336091622354354413e+00	9.051692669012191272e-01	4.708677169292323583e+01
3.338093624356356148e+00	9.051087506086784584e-01	7.434358589647412430e+01
3.340095626358358327e+00	9.050127081209559110e-01	3.668417104276068841e+01
3.342097628360360062e+00	9.049734053855558180e-01	7.236809202300575805e+01
3.344099630362362241e+00	9.048142851166205425e-01	8.079519879969993212e+01
3.346101632364364420e+00	9.047361819728768628e-01	9.764941235308828027e+01
3.348103634366366155e+00	9.047241047541128012e-01	7.881970492623156588e+01
3.350105636368368334e+00	9.047009270667401015e-01	9.564891222805701432e+01
3.352107638370370069e+00	9.045658706351322742e-01	5.153788447111778481e+01
3.354109640372372247e+00	9.044717912295662243e-01	9.367341835458864807e+01
3.356111642374374426e+00	9.050065308820023358e-01	9.169792448112028183e+01
3.358113644376376161e+00	9.042109355378963320e-01	7.484371092773193368e+01
3.360115646378378340e+00	9.041450312215092433e-01	4.113528382095523739e+01
3.362117648380380075e+00	9.040861048623379803e-01	3.270817704426106332e+01
3.364119650382382254e+00	9.039959010542293338e-01	6.444111027756939336e+01
3.366121652384384433e+00	9.039029541124098399e-01	8.772193048262066384e+01
3.368123654386386168e+00	9.038293887570550966e-01	1.585396349087271872e+01
3.370125656388388347e+00	9.037275075099155952e-01	3.915978994748687114e+01
3.372127658390390081e+00	9.036174175534028574e-01	7.731932983245812352e+01
3.374129660392392260e+00	9.035390270443953709e-01	6.889222305576394945e+01
3.376131662394394439e+00	9.034762636953825865e-01	9.862465616404101354e+01
3.378133664396396174e+00	9.033900789623487970e-01	9.019754938734683947e+01
3.380135666398398353e+00	9.032703702501049259e-01	2.230557639409852655e+01
3.382137668400400088e+00	9.032268507225015286e-01	7.426856714178544649e+00
3.384139670402402267e+00	9.031042996319214033e-01	5.848962240560140202e+01
3.386141672404404446e+00	9.029959114261311148e-01	7.979494873718429915e+01
3.388143674406406181e+00	9.029741538891761232e-01	5.006251562890722795e+01
3.390145676408408359e+00	9.028804815574438258e-01	9.267316829207302931e+01
3.392147678410410094e+00	9.027660012645685184e-01	3.518379594898724605e+01
3.394149680412412273e+00	9.026323563778333448e-01	6.294073518379595100e+01
3.396151682414414452e+00	9.025568212286788627e-01	1.387846961740435248e+01
3.398153684416416187e+00	9.024840272505916250e-01	8.227056764191047478e+01
3.400155686418418366e+00	9.023700926224383911e-01	5.451362840710177693e+01
3.402157688420420101e+00	9.024062187138499613e-01	2.033008252063015675e+01
3.404159690422422280e+00	9.022135031844265018e-01	8.029507376844210853e+01
3.406161692424424459e+00	9.021061284234377364e-01	3.320830207551887980e+01
3.408163694426426193e+00	9.020143705360337272e-01	4.608652163040760286e+01
3.410165696428428372e+00	9.019243572687246635e-01	8.474618654663666462e+01
3.412167698430430107e+00	9.024300951206917221e-01	9.762440610152538056e+01
3.414169700432432286e+00	9.027893079846303070e-01	8.922230557639410620e+01
3.416171702434434465e+00	9.016495924976843934e-01	9.564891222805701432e+01
3.418173704436436200e+00	9.015787343122161346e-01	4.411102775693923661e+01
3.420175706438438379e+00	9.014774210823074396e-01	3.765941485371342878e+01
3.422177708440440114e+00	9.013875864132157023e-01	2.478119529882470573e+01
3.424179710442442293e+00	9.012651104818149017e-01	6.789197299324831647e+01
3.426181712444444472e+00	9.011975061276861210e-01	5.501375343835959342e+01
3.428183714446446206e+00	9.011066217120983213e-01	4.856214053513378559e+01
3.430185716448448385e+00	9.010871407014917622e-01	7.234308577144285834e+01
3.432187718450450120e+00	9.008900749003301289e-01	8.969742435608903008e+01
3.434189720452452299e+00	9.008215218286659276e-01	5.946486621655414240e+01
3.436191722454454478e+00	9.008363476860165031e-01	5.303825956489122717e+01
3.438193724456456213e+00	9.006333607130734276e-01	8.772193048262066384e+01
3.440195726458458392e+00	9.005178057713993933e-01	8.127031757939485601e+01
3.442197728460460127e+00	9.004283810417219591e-01	9.217304326081520571e+01
3.444199730462462306e+00	9.003666261267490034e-01	4.013503375843961152e+01
3.446201732464464484e+00	9.003012392931990515e-01	5.103775943985996832e+01
3.448203734466466219e+00	9.001631422203765220e-01	9.019754938734683947e+01
3.450205736468468398e+00	9.000483464700217429e-01	7.284321080270068194e+01
3.452207738470470133e+00	8.999655795847572026e-01	9.464866216554139555e+01
3.454209740472472312e+00	8.998890698797440413e-01	5.451362840710177515e+00
3.456211742474474491e+00	8.997802216994457147e-01	5.451362840710177515e+00
3.458213744476476226e+00	8.996789824730233587e-01	2.725681420355088846e+01
3.460215746478478405e+00	8.995921006524298935e-01	5.451362840710177515e+00
3.462217748480480140e+00	8.995021559758114016e-01	7.531882970742685757e+01
3.464219750482482318e+00	8.994435428831993873e-01	5.451362840710177515e+00
3.466221752484484497e+00	8.993775270094483965e-01	3.170792698174543744e+01
3.468223754486486232e+00	8.991948253393687862e-01	8.424606151537885523e+01
3.470225756488488411e+00	8.991639330836224131e-01	7.334333583395849132e+01
3.472227758490490146e+00	8.990378118794892792e-01	6.244061015253813451e+01
3.474229760492492325e+00	8.989210222074357493e-01	5.153788447111778481e+01
3.476231762494494504e+00	8.989682383452344272e-01	9.762440610152538056e+01
3.478233764496496239e+00	8.987469961863018275e-01	5.598899724931233379e+01
3.480235766498498418e+00	8.985985904398179347e-01	9.117279319829957274e+01
3.482237768500500152e+00	8.985971241754465710e-01	9.562390597649412882e+01
3.484239770502502331e+00	8.984228956036579561e-01	6.491622905726431725e+01
3.486241772504504510e+00	8.983349497639642189e-01	2.973243310827707120e+01
3.488243774506506245e+00	8.982735691236963804e-01	9.902475618904727384e+00
3.490245776508508424e+00	8.981301234082718077e-01	5.401350337584396044e+01
3.492247778510510159e+00	8.980485095254423511e-01	5.846461615403850942e+01
3.494249780512512338e+00	8.980164737627881477e-01	6.294073518379595100e+01
3.496251782514514517e+00	8.978166143132059185e-01	6.739184796199050709e+01
3.498253784516516252e+00	8.977243848790552594e-01	4.311077769442361074e+01
3.500255786518518430e+00	8.976523893491096251e-01	4.756189047261815972e+01
3.502257788520520165e+00	8.975417144066282216e-01	8.522130532633158850e+01
3.504259790522522344e+00	8.974278927285140872e-01	1.882970742685671439e+01
3.506261792524524523e+00	8.974158706127213225e-01	6.541635408852212663e+01
3.508263794526526258e+00	8.972313281849991773e-01	7.431857964491122459e+01
3.510265796528528437e+00	8.971467223895515097e-01	8.769692423105776413e+01
3.512267798530530172e+00	8.970410519539513405e-01	3.220805201300325393e+01
3.514269800532532351e+00	8.969344233219979090e-01	4.558639659914978637e+01
3.516271802534534530e+00	8.968172775304494859e-01	5.896474118529632591e+01
3.518273804536536264e+00	8.967057584154874972e-01	8.572143035758939789e+01
3.520275806538538443e+00	8.973322400211936056e-01	9.462365591397849585e+01
3.522277808540540178e+00	9.005506965207250580e-01	9.907476869217305193e+01
3.524279810542542357e+00	8.976734557780701174e-01	9.712428107026757118e+01
3.526281812544544536e+00	8.963047712594808258e-01	8.819704926231558773e+01
3.528283814546546271e+00	8.961956866913115549e-01	6.144036009002250864e+01
3.530285816548548450e+00	8.961181588646989216e-01	4.806201550387596910e+01
3.532287818550550185e+00	8.960017956436632236e-01	3.468367091772943667e+01
3.534289820552552364e+00	8.958882410365460736e-01	9.067266816704176335e+01
3.536291822554554543e+00	8.957834397981156993e-01	7.729432358089522381e+01
3.538293824556556277e+00	8.956992924789803912e-01	2.130532633158289713e+01
3.540295826558558456e+00	8.956181947956336487e-01	2.130532633158289713e+01
3.542297828560560191e+00	8.955238232900630813e-01	5.498874718679670082e+01
3.544299830562562370e+00	8.953777786896407465e-01	7.976994248562141365e+01
3.546301832564564549e+00	8.954286899256785892e-01	7.529382345586397207e+01
3.548303834566566284e+00	8.951479795171212173e-01	9.562390597649412882e+01
3.550305836568568463e+00	8.950791910198330203e-01	3.715928982245561230e+01
3.552307838570570198e+00	8.949453337995750823e-01	8.224556139034758928e+01
3.554309840572572377e+00	8.949216358661120641e-01	3.270817704426106332e+01
3.556311842574574555e+00	8.947600270891253871e-01	7.331832958239560583e+01
3.558313844576576290e+00	8.946259510650395042e-01	6.886721680420104974e+01
3.560315846578578469e+00	8.945731409629374964e-01	8.472118029507377912e+01
3.562317848580580204e+00	8.944748298466276282e-01	4.408602150537634401e+01
3.564319850582582383e+00	8.943393587283089419e-01	7.579394848712178145e+01
3.566321852584584562e+00	8.942205263815967697e-01	7.926981745436359361e+00
3.568323854586586297e+00	8.941182538663315915e-01	7.926981745436359361e+00
3.570325856588588476e+00	8.940379156782345405e-01	7.926981745436359361e+00
3.572327858590590210e+00	8.939178377059744385e-01	7.826956739184797129e+01
3.574329860592592389e+00	8.938613422021756127e-01	7.381845461365341521e+01
3.576331862594594568e+00	8.937454639073471041e-01	1.932983245811453088e+01
3.578333864596596303e+00	8.936444517024566547e-01	6.936734183545887333e+01
3.580335866598598482e+00	8.934902180797872351e-01	4.211052763190797776e+01
3.582337868600600217e+00	8.933396702451967819e-01	7.629407351837960505e+01
3.584339870602602396e+00	8.939606031526117214e-01	7.184296074018504896e+01
3.586341872604604575e+00	8.931298709788407786e-01	6.044011002750688277e+01
3.588343874606606310e+00	8.930676372821211295e-01	2.625656414103525904e+01
3.590345876608608489e+00	8.929346924683501108e-01	2.625656414103525904e+01
3.592347878610610223e+00	8.928250514797568815e-01	8.569642410602651239e+01
3.594349880612612402e+00	8.927433378303237799e-01	4.458614653663416050e+01
3.596351882614614581e+00	8.925763685256702384e-01	8.124531132783195631e+01
3.598353884616616316e+00	8.924962745469133818e-01	8.817204301075268802e+01
3.600355886618618495e+00	8.924293319719145412e-01	7.679419854963741443e+01
3.602357888620620230e+00	8.922336288233937429e-01	8.372093023255814614e+01
3.604359890622622409e+00	8.921529319371163114e-01	4.706176544136034323e+01
3.606361892624624588e+00	8.921322722596375376e-01	7.926981745436359006e+01
3.608363894626626323e+00	8.919008071837816187e-01	8.619654913728432177e+01
3.610365896628628501e+00	8.918144147184010606e-01	6.786696674168543097e+01
3.612367898630630236e+00	8.917387122060751459e-01	7.479369842460614848e+01
3.614369900632632415e+00	8.916052816646795609e-01	4.953738434608652597e+01
3.616371902634634594e+00	8.915096865140090809e-01	5.646411602900725768e+01
3.618373904636636329e+00	8.913828785570577784e-01	7.726931732933233832e+01
3.620375906638638508e+00	8.913157476881591323e-01	3.475868967241810825e+00
3.622377908640640243e+00	8.911517278788522178e-01	1.040260065016254032e+01
3.624379910642642422e+00	8.910220921624689705e-01	3.120780195048762451e+01
3.626381912644644601e+00	8.909379796226393200e-01	1.040260065016254032e+01
3.628383914646646335e+00	8.908225742553000925e-01	9.609902475618905271e+01
3.630385916648648514e+00	8.906867107206988265e-01	7.529382345586397207e+01
3.632387918650650249e+00	8.905524186179862856e-01	5.448862215553888433e+01
3.634389920652652428e+00	8.905499383893201726e-01	8.469617404351087941e+01
3.636391922654654607e+00	8.903921481290959505e-01	3.368342085521380369e+01
3.638393924656656342e+00	8.902529270318739751e-01	6.389097274318579878e+01
3.640395926658658521e+00	8.901211875620217429e-01	5.696424106026506706e+01
3.642397928660660256e+00	8.900449586885222919e-01	7.331832958239560583e+01
3.644399930662662435e+00	8.898923200297208513e-01	8.964741185296324488e+01
3.646401932664664614e+00	8.897832304572679263e-01	5.943985996499124980e+01
3.648403934666666348e+00	8.896638647742569628e-01	3.615903975993998642e+01
3.650405936668668527e+00	8.895163541267532281e-01	8.519629907476870301e+01
3.652407938670670262e+00	8.895087567405477458e-01	7.826956739184797129e+01
3.654409940672672441e+00	8.893416900330950448e-01	4.556139034758690087e+01
3.656411942674674620e+00	8.892360612790316532e-01	1.287821955488872305e+01
3.658413944676676355e+00	8.890640895670007815e-01	1.287821955488872305e+01
3.660415946678678534e+00	8.889522810279623100e-01	1.287821955488872305e+01
3.662417948680680269e+00	8.888798799554851193e-01	4.803700925231308361e+01
3.664419950682682448e+00	8.886990568645103394e-01	6.686671667916979800e+01
3.666421952684684626e+00	8.886466203995917468e-01	3.170792698174543744e+01
3.668423954686686361e+00	8.884638092253578368e-01	4.111027756939235189e+01
3.670425956688688540e+00	8.883167548667032509e-01	9.757439359839960957e+01
3.672427958690690275e+00	8.890679618358776626e-01	9.064766191547887786e+01
3.674429960692692454e+00	8.880881199209160748e-01	7.181795448862216347e+01
3.676431962694694633e+00	8.879933166140543399e-01	4.358589647411853463e+01
3.678433964696696368e+00	8.878954642885690252e-01	8.369592398099524644e+01
3.680435966698698547e+00	8.878226778590420087e-01	1.535383845961490401e+01
3.682437968700700281e+00	8.876320950959202261e-01	1.535383845961490401e+01
3.684439970702702460e+00	8.875279524089911831e-01	1.535383845961490401e+01
3.686441972704704639e+00	8.874291828950211514e-01	7.924481120280070456e+01
3.688443974706706374e+00	8.873336392792159355e-01	9.112278069517380175e+01
3.690445976708708553e+00	8.871214669054446889e-01	8.172043010752688019e+01
3.692447978710710288e+00	8.870998194946649873e-01	7.231807951987997285e+01
3.694449980712712467e+00	8.869340157247028733e-01	5.101275318829707572e+01
3.696451982714714646e+00	8.868161030324439587e-01	6.289072268067017291e+01
3.698453984716716381e+00	8.867014494647482703e-01	1.782945736434108497e+01
3.700455986718718560e+00	8.865141414635213657e-01	8.914728682170543550e+01
3.702457988720720294e+00	8.864769630535660472e-01	1.782945736434108497e+01
3.704459990722722473e+00	8.863099086857144648e-01	5.596399099774944119e+01
3.706461992724724652e+00	8.862127189036935748e-01	8.222055513878470379e+01
3.708463994726726387e+00	8.860046316399367017e-01	9.657414353588397660e+01
3.710465996728728566e+00	8.859859061435652050e-01	9.904976244061015223e+01
3.712467998730730301e+00	8.857987126585211701e-01	2.030507626906726770e+01
3.714470000732732480e+00	8.856873575151412714e-01	2.030507626906726770e+01
3.716472002734734659e+00	8.855624553943588495e-01	6.339084771192798229e+01
3.718474004736736838e+00	8.857380033580694034e-01	7.774443610902726221e+01
3.720476006738738572e+00	8.852701114033429963e-01	6.586646661665416502e+01
3.722478008740740307e+00	8.851824107233057237e-01	2.278069517379345044e+01
3.724480010742742486e+00	8.850556340798915178e-01	2.278069517379345044e+01
3.726482012744744665e+00	8.848873610099956544e-01	7.081770442610653049e+01
3.728484014746746844e+00	8.848557740201591360e-01	5.646411602900725768e+01
3.730486016748748579e+00	8.846929965186614009e-01	2.525631407851962962e+01
3.732488018750750314e+00	8.845427330574843205e-01	2.525631407851962962e+01
3.734490020752752493e+00	8.844263475079146009e-01	7.824456114028507159e+01
3.736492022754754672e+00	8.842565222813828507e-01	8.072018004501126143e+01
3.738494024756756851e+00	8.841189806252022221e-01	8.319579894973743706e+01
3.740496026758758585e+00	8.839908939386050823e-01	8.567141785446361268e+01
3.742498028760760320e+00	8.838770479786640655e-01	8.814703675918980252e+01
3.744500030762762499e+00	8.837608034399806467e-01	3.020755188797199509e+01
3.746502032764764678e+00	8.836720818445980008e-01	5.198799699924981610e+01
3.748504034766766857e+00	8.834967857916232736e-01	3.268317079269817782e+01
3.750506036768768592e+00	8.834257465857093816e-01	7.874468617154289518e+01
3.752508038770770327e+00	8.832408593065057545e-01	3.515878969742436055e+01
3.754510040772772506e+00	8.832060028227970427e-01	5.941485371342835720e+01
3.756512042774774685e+00	8.829690934936709201e-01	3.763440860215053618e+01
3.758514044776776863e+00	8.829154057844453840e-01	1.337834458614653776e+01
3.760516046778778598e+00	8.827691119542677711e-01	4.011002750687671892e+01
3.762518048780780333e+00	8.825753779054787973e-01	4.258564641160290165e+01
3.764520050782782512e+00	8.824494581709456664e-01	4.506126531632908438e+01
3.766522052784784691e+00	8.823346426375637819e-01	4.753688422105526712e+01
3.768524054786786870e+00	8.822020432733477247e-01	5.001250312578144985e+01
3.770526056788788605e+00	8.820507234078347469e-01	5.248812203050763259e+01
3.772528058790790340e+00	8.819078117636987013e-01	5.496374093523380822e+01
3.774530060792792518e+00	8.818090431668628160e-01	9.654913728432109110e+01
3.776532062794794697e+00	8.816372537500795081e-01	6.239059764941235642e+01
3.778534064796796876e+00	8.815177660782198554e-01	6.734183545886472189e+01
3.780536066798798611e+00	8.813765066567833539e-01	7.229307326831708735e+01
3.782538068800800346e+00	8.812322636310054857e-01	7.724431107776945282e+01
3.784540070802802525e+00	8.810931111717285047e-01	8.467116779194799392e+01
3.786542072804804704e+00	8.809611770303217293e-01	9.209802450612653502e+01
3.788544074806806883e+00	8.809256477814049191e-01	3.565891472868216994e+01
3.790546076808808618e+00	8.807949441252893585e-01	3.813453363340835267e+01
3.792548078810810797e+00	8.806562555571848527e-01	4.556139034758690087e+01
3.794550080812812531e+00	8.805193293435576996e-01	5.051262815703925924e+01
3.796552082814814710e+00	8.803793189047246504e-01	6.041510377594399017e+01
3.798554084816816889e+00	8.802389480215673245e-01	7.526881720430107237e+01
3.800556086818818624e+00	8.801073241178861695e-01	9.754938734683670987e+01
3.802558088820820803e+00	8.812023339285970369e-01	1.000000000000000000e+02
3.804560090822822538e+00	8.858843449153883665e-01	1.000000000000000000e+02
3.806562092824824717e+00	8.933480771316784086e-01	9.997499374843711450e+01
3.808564094826826896e+00	8.897906442238850966e-01	9.807451862965741896e+01
3.810566096828828631e+00	8.831274251988953106e-01	9.804951237809453346e+01
3.812568098830830809e+00	8.797774749660471905e-01	9.804951237809453346e+01
3.814570100832832544e+00	8.790661001902376759e-01	8.564641160290072719e+01
3.816572102834834723e+00	8.789361713664141096e-01	6.831707926981745516e+01
3.818574104836836902e+00	8.788073502397164560e-01	5.593898474618654859e+01
3.820576106838838637e+00	8.786728038667670493e-01	4.851212803200800749e+01
3.822578108840840816e+00	8.785432676235737093e-01	4.108527131782945929e+01
3.824580110842842551e+00	8.784121988410702464e-01	3.613403350837709382e+01
3.826582112844844730e+00	8.782016598568624932e-01	9.852463115778945735e+01
3.828584114846846909e+00	8.780531110827507479e-01	8.862215553888472641e+01
3.830586116848848643e+00	8.779135493635058518e-01	8.119529882470618531e+01
3.832588118850850822e+00	8.778041802424011442e-01	7.376844211052763001e+01
3.834590120852852557e+00	8.776415215545684267e-01	6.881720430107527875e+01
3.836592122854854736e+00	8.775146013210155527e-01	6.386596649162290618e+01
3.838594124856856915e+00	8.773878674630131158e-01	6.139034758689672344e+01
3.840596126858858650e+00	8.772181492379552692e-01	5.643910977744436508e+01
3.842598128860860829e+00	8.770695901631645475e-01	5.396349087271818235e+01
3.844600130862862564e+00	8.769529808532641191e-01	5.148787196799199961e+01
3.846602132864864743e+00	8.768240087129318683e-01	4.901225306326581688e+01
3.848604134866866922e+00	8.766672224504729050e-01	4.653663415853963414e+01
3.850606136868868656e+00	8.764961366654175912e-01	4.406101525381345851e+01
3.852608138870870835e+00	8.763533813299460018e-01	4.158539634908727578e+01
3.854610140872872570e+00	8.762466369482420081e-01	9.454863715928982515e+01
3.856612142874874749e+00	8.760734777194840728e-01	8.959739934983745968e+01
3.858614144876876928e+00	8.759253280645586948e-01	3.663415853963491031e+01
3.860616146878878663e+00	8.758783770606396457e-01	5.941485371342835720e+01
3.862618148880880842e+00	8.756200487521128561e-01	3.415853963490872758e+01
3.864620150882882577e+00	8.754833675929036829e-01	7.721930482620655312e+01
3.866622152884884756e+00	8.753276597123121894e-01	7.474368592148037749e+01
3.868624154886886934e+00	8.751841910184970930e-01	7.226806701675418765e+01
3.870626156888888669e+00	8.750182790430753865e-01	9.009752438109528327e+01
3.872628158890890848e+00	8.748810861256306470e-01	2.920730182545636566e+01
3.874630160892892583e+00	8.747742894131734781e-01	8.514628657164291781e+01
3.876632162894894762e+00	8.746201018738377631e-01	8.267066766691672797e+01
3.878634164896896941e+00	8.744326005778960686e-01	2.673168292073018293e+01
3.880636166898898676e+00	8.742724716868778279e-01	7.771942985746436250e+01
3.882638168900900855e+00	8.741774868553844335e-01	7.524381095273818687e+01
3.884640170902902589e+00	8.739918303386740028e-01	5.741435358839709835e+01
3.886642172904904768e+00	8.738571808907255045e-01	2.425606401600400375e+01
3.888644174906906947e+00	8.736819120620439305e-01	7.029257314328582140e+01
3.890646176908908682e+00	8.735817313090390446e-01	9.849962490622655764e+01
3.892648178910910861e+00	8.734287981360667752e-01	5.246311577894473999e+01
3.894650180912912596e+00	8.732164935924581206e-01	6.534133533383345593e+01
3.896652182914914775e+00	8.730976701752930502e-01	4.998749687421855725e+01
3.898654184916916954e+00	8.729847045705281250e-01	6.286571642910728031e+01
3.900656186918918689e+00	8.727550215541651779e-01	8.859714928732184092e+01
3.902658188920920868e+00	8.726701433483815551e-01	8.612153038259565108e+01
3.904660190922922602e+00	8.724807610505667110e-01	1.930482620655163828e+01
3.906662192924924781e+00	8.723141150695735702e-01	1.930482620655163828e+01
3.908664194926926960e+00	8.721603587043025296e-01	8.117029257314328561e+01
3.910666196928928695e+00	8.720159492013773717e-01	5.543885971492873210e+01
3.912668198930930874e+00	8.718832777437016679e-01	7.869467366841710998e+01
3.914670200932932609e+00	8.716966917041799601e-01	5.296324081020255647e+01
3.916672202934934788e+00	8.716019126992210486e-01	8.662165541385346046e+01
3.918674204936936967e+00	8.713924707850755347e-01	4.008502125531383342e+01
3.920676206938938702e+00	8.712111053246526238e-01	1.682920730182545554e+01
3.922678208940940880e+00	8.710932877912798133e-01	7.126781695423856888e+01
3.924680210942942615e+00	8.709501560375023654e-01	9.204801200300074981e+01
3.926682212944944794e+00	8.707620685693642226e-01	4.801200300075019101e+01
3.928684214946946973e+00	8.708046104962450240e-01	9.997499374843711450e+01
3.930686216948948708e+00	8.704379470448863065e-01	9.749937484371093888e+01
3.932688218950950887e+00	8.702580033499885959e-01	4.553638409602400827e+01
3.934690220952952622e+00	8.701470621508340386e-01	3.513378344586146795e+01
3.936692222954954801e+00	8.699253968784758095e-01	6.384096024006002068e+01
3.938694224956956980e+00	8.697951795982947765e-01	1.435358839709927459e+01
3.940696226958958714e+00	8.696260749183833960e-01	1.435358839709927459e+01
3.942698228960960893e+00	8.695270668688966920e-01	3.265816454113528522e+01
3.944700230962962628e+00	8.693080609834641370e-01	6.929232308077020264e+01
3.946702232964964807e+00	8.691718002067519988e-01	9.552388097024255842e+01
3.948704234966966986e+00	8.689857045470990027e-01	8.512128032008001810e+01
3.950706236968968721e+00	8.688648483127270339e-01	9.304826206551638279e+01
3.952708238970970900e+00	8.687432332683651115e-01	8.264566141535384247e+01
3.954710240972972635e+00	8.685048333069007587e-01	3.018254563640910249e+01
3.956712242974974814e+00	8.683348929516137016e-01	3.810952738184546007e+01
3.958714244976976993e+00	8.682028823323616473e-01	8.809702425606401732e+01
3.960716246978978727e+00	8.679893624103630634e-01	5.393848462115528974e+01
3.962718248980980906e+00	8.677966619705431706e-01	7.769442360590147700e+01
3.964720250982982641e+00	8.677211256325370048e-01	1.187796949237309363e+01
3.966722252984984820e+00	8.675007865733354029e-01	1.187796949237309363e+01
3.968724254986986999e+00	8.673386779300175098e-01	1.187796949237309363e+01
3.970726256988988734e+00	8.672277351905831599e-01	3.950987746936734268e+00
3.972728258990990913e+00	8.670351445913155874e-01	7.274318579644911154e+01
3.974730260992992648e+00	8.668488396872274793e-01	5.691422855713928897e+01
3.976732262994994826e+00	8.667237328223841297e-01	4.898724681170293138e+01
3.978734264996997005e+00	8.664956097222520359e-01	7.026756689172293591e+01
3.980736266998998740e+00	8.662894901601090325e-01	9.154788697174294043e+01
3.982738269001000919e+00	8.662182694193363286e-01	2.523130782695674057e+01
3.984740271003002654e+00	8.659817764295933973e-01	4.651162790697674865e+01
3.986742273005004833e+00	8.660307804702079837e-01	8.114528632158040011e+01
3.988744275007007012e+00	8.657425440353579971e-01	9.452363090772693965e+01
3.990746277009008747e+00	8.654444665649129176e-01	8.659664916229057496e+01
3.992748279011010926e+00	8.653365571351011587e-01	3.068267066766691897e+01
3.994750281013012660e+00	8.651291297361355381e-01	4.403600900225056591e+01
3.996752283015014839e+00	8.650002758290075144e-01	9.747436859214803917e+01
3.998754285017017018e+00	8.648571498567967364e-01	6.284071017754438770e+01
4.000756287019019197e+00	8.647558563436699153e-01	9.499874968742186354e+01
4.002758289021020488e+00	8.644690481700120221e-01	2.275568892223055784e+01
4.004760291023022667e+00	8.643685862874329606e-01	2.275568892223055784e+01
4.006762293025024846e+00	8.640976398360460387e-01	9.252313078269567370e+01
4.008764295027027025e+00	8.639291913867011008e-01	9.402350587646912672e+00
4.010766297029029204e+00	8.637525085619540688e-01	9.402350587646912672e+00
4.012768299031030494e+00	8.635975812112107741e-01	7.124281070267566918e+01
4.014770301033032673e+00	8.634105015680931805e-01	7.669417354338584403e+01
4.016772303035034852e+00	8.633371478612910099e-01	5.788947236809202224e+01
4.018774305037037031e+00	8.630375829982233071e-01	3.908477119279820045e+01
4.020776307039039210e+00	8.629097837898384027e-01	4.453613403350838240e+01
4.022778309041040501e+00	8.628273767850660469e-01	7.966991747936984325e+01
4.024780311043042680e+00	8.625025338777392303e-01	9.054763690922730746e+01
4.026782313045044859e+00	8.623594667467140429e-01	2.028007001750437865e+01
4.028784315047047038e+00	8.621344701312008141e-01	7.174293573393349277e+01
4.030786317049049217e+00	8.619789385604238463e-01	8.807201800450113183e+01
4.032788319051050507e+00	8.617991299631340141e-01	3.660915228807201771e+01
4.034790321053052686e+00	8.616589751702419253e-01	5.293823455863966387e+01
4.036792323055054865e+00	8.614219430934306754e-01	6.926731682920730293e+01
4.038794325057057044e+00	8.615981670801152736e-01	9.647411852963240619e+01
4.040796327059059223e+00	8.647493171674273116e-01	8.557139284821205649e+01
4.042798329061060514e+00	8.613443010599159955e-01	9.944986246561640542e+01
4.044800331063062693e+00	8.606964879710450322e-01	7.766941735433859151e+01
4.046802333065064872e+00	8.605146705575980048e-01	5.046261565391348114e+01
4.048804335067067051e+00	8.603735039435549403e-01	3.413353338334583498e+01
4.050806337069069230e+00	8.601937608111414058e-01	9.152288072018005494e+01
4.052808339071070520e+00	8.599838042162450957e-01	7.519379844961240167e+01
4.054810341073072699e+00	8.598279231649417209e-01	6.431607901975493746e+01
4.056812343075074878e+00	8.596351196131003514e-01	8.904726181545386510e+01
4.058814345077077057e+00	8.594136562758205589e-01	4.798699674918729841e+01
4.060816347079079236e+00	8.592246750355065910e-01	7.271817954488622604e+01
4.062818349081080527e+00	8.590961066401242574e-01	9.202300575143786432e+01
4.064820351083082706e+00	8.589212153270192607e-01	6.184046011502876183e+01
4.066822353085084885e+00	8.586977290760221537e-01	5.638909727431857988e+01
4.068824355087087064e+00	8.584965438210029332e-01	3.165791447861965580e+01
4.070826357089089242e+00	8.585412352087450349e-01	7.024256064016003620e+01
4.072828359091090533e+00	8.581034384621355482e-01	4.551137784446111567e+01
4.074830361093092712e+00	8.579238813042621148e-01	5.936484121030257910e+01
4.076832363095094891e+00	8.578071215741900346e-01	7.321830457614403542e+01
4.078834365097097070e+00	8.575681405532837864e-01	5.391347836959239714e+01
4.080836367099099249e+00	8.573723038592587775e-01	6.926731682920730826e+00
4.082838369101100540e+00	8.571755213762501935e-01	6.926731682920730826e+00
4.084840371103102719e+00	8.569993793554214756e-01	6.926731682920730826e+00
4.086842373105104897e+00	8.567857048405642661e-01	5.688922230557639637e+01
4.088844375107107076e+00	8.566006887428176952e-01	7.914478619654913416e+01
4.090846377109109255e+00	8.564009322694063897e-01	2.918229557389347306e+01
4.092848379111110546e+00	8.563820797359610326e-01	7.369342335583895931e+01
4.094850381113112725e+00	8.560763206157493421e-01	9.052263065766442196e+01
4.096852383115114904e+00	8.558176795003842319e-01	9.892473118279569633e+01
4.098854385117117083e+00	8.556328021242141091e-01	8.507126781695424711e+01
4.100856387119119262e+00	8.554176207739170312e-01	6.281570392598149510e+01
4.102858389121120553e+00	8.553240582652497093e-01	3.215803950987746873e+01
4.104860391123122731e+00	8.550403822099683637e-01	4.056014003500875731e+01
4.106862393125124910e+00	8.548733801469550198e-01	6.579144786196549433e+01
4.108864395127127089e+00	8.551032580609495559e-01	9.099774943735934585e+01
4.110866397129129268e+00	8.549397417501791718e-01	8.557139284821205649e+01
4.112868399131130559e+00	8.542413860100968037e-01	6.034008502125531948e+01
4.114870401133132738e+00	8.541499520200609430e-01	3.510877719429857535e+01
4.116872403135134917e+00	8.538553502544801166e-01	2.670667666916729388e+01
4.118874405137137096e+00	8.536922493088524577e-01	1.830457614403600886e+01
4.120876407139139275e+00	8.534583693359071299e-01	8.309577394348588086e+01
4.122878409141140565e+00	8.533342770029336277e-01	4.648662165541385605e+01
4.124880411143142744e+00	8.530547287027243630e-01	3.808452113028257457e+01
4.126882413145144923e+00	8.528517249062013139e-01	7.764441110277569180e+01
4.128884415147147102e+00	8.526210990839612203e-01	8.902225556389097960e+01
4.130886417149149281e+00	8.524498470493602209e-01	8.062015503875969102e+01
4.132888419151150572e+00	8.523530322799369729e-01	7.221805451362841666e+01
4.134890421153152751e+00	8.521473073965009082e-01	8.357089272318080475e+01
4.136892423155154930e+00	8.519125177106684488e-01	6.379094773693423548e+01
4.138894425157157109e+00	8.516484488799943575e-01	9.792448112028007756e+01
4.140896427159159288e+00	8.514160058601285552e-01	6.676669167291822760e+01
4.142898429161160578e+00	8.521427242604573404e-01	6.974243560890222682e+01
4.144900431163162757e+00	8.510749983508997252e-01	5.836459114778694612e+01
4.146902433165164936e+00	8.508127201266959538e-01	3.560890222555639184e+01
4.148904435167167115e+00	8.506090154711701823e-01	2.423105776444111115e+01
4.150906437169169294e+00	8.504618698876424965e-01	8.704676169042261336e+01
4.152908439171170585e+00	8.502354445457952492e-01	1.285321330332583223e+01
4.154910441173172764e+00	8.500148012257949803e-01	1.285321330332583223e+01
4.156912443175174943e+00	8.498691157706111943e-01	1.285321330332583223e+01
4.158914445177177122e+00	8.496425025599213532e-01	4.153538384596149058e+01
4.160916447179179301e+00	8.493531958367264156e-01	7.021755438859715071e+01
4.162918449181180591e+00	8.493051940178198977e-01	7.319329832458114993e+01
4.164920451183182770e+00	8.489705829724586428e-01	4.451112778194548980e+01
4.166922453185184949e+00	8.487870108519716128e-01	6.181545386346586923e+01
4.168924455187187128e+00	8.485089448088978248e-01	7.911977994498624867e+01
4.170926457189189307e+00	8.483851204651290390e-01	3.313328332083020911e+01
4.172928459191190598e+00	8.480789821549510332e-01	5.043760940235058854e+01
4.174930461193192777e+00	8.482301897374755484e-01	8.504626156539134740e+01
4.176932463195194956e+00	8.477720971310546139e-01	5.341335333833458776e+01
4.178934465197197135e+00	8.475097576570065350e-01	7.366841710427607381e+01
4.180936467199199313e+00	8.471979570613081822e-01	7.664416104026007304e+01
4.182938469201200604e+00	8.470269194742401364e-01	5.933983495873968650e+01
4.184940471203202783e+00	8.468002708539692502e-01	8.257064266066517177e+01
4.186942473205204962e+00	8.465908849572781891e-01	2.175543885971492841e+01
4.188944475207207141e+00	8.464078508470236351e-01	2.175543885971492841e+01
4.190946477209209320e+00	8.462247297730025597e-01	9.444861215303826896e+01
4.192948479211210611e+00	8.459523019476887784e-01	9.739934983745936847e+01
4.194950481213212790e+00	8.457957667740153562e-01	7.714428607151788242e+01
4.196952483215214968e+00	8.455001836169226959e-01	8.009502375593898194e+01
4.198954485217217147e+00	8.452596218308535692e-01	5.686421605401350376e+01
4.200956487219219326e+00	8.450541673303386681e-01	8.899724931232807990e+01
4.202958489221220617e+00	8.448260960277516052e-01	6.279069767441860961e+01
4.204960491223222796e+00	8.447881986869961723e-01	3.360840210052513299e+01
4.206962493225224975e+00	8.443621828339811231e-01	7.169292323080770757e+01
4.208964495227227154e+00	8.441623262936034378e-01	7.761940485121280631e+01
4.210966497229229333e+00	8.440452961914371999e-01	8.354588647161790504e+01
4.212968499231230624e+00	8.436951827525327463e-01	4.548637159289822307e+01
4.214970501233232802e+00	8.436223664846824732e-01	9.837459364841210174e+01
4.216972503235234981e+00	8.432613960686132781e-01	5.438859714928732103e+01
4.218974505237237160e+00	8.430120355611926408e-01	6.031507876969242687e+01
4.220976507239239339e+00	8.427866787450969399e-01	6.921730432608151773e+01
4.222978509241240630e+00	8.425952086100663152e-01	7.811952988247061569e+01
4.224980511243242809e+00	8.423251060158566395e-01	9.294823705926482660e+01
4.226982513245244988e+00	8.422248794616342682e-01	4.451112778194548980e+00
4.228984515247247167e+00	8.419588574557419491e-01	4.451112778194548980e+00
4.230986517249249346e+00	8.417015573007927687e-01	4.451112778194548980e+00
4.232988519251250636e+00	8.414530119292616961e-01	4.451112778194548980e+00
4.234990521253252815e+00	8.412132529159043193e-01	4.451112778194548980e+00
4.236992523255254994e+00	8.409732148573576538e-01	1.927981995498874923e+01
4.238994525257257173e+00	8.407602134374582148e-01	4.451112778194548980e+00
4.240996527259259352e+00	8.405469892734669379e-01	4.451112778194548980e+00
4.242998529261260643e+00	8.403426640648250512e-01	4.451112778194548980e+00
4.245000531263262822e+00	8.401144826591369075e-01	1.475368842210552645e+00
4.247002533265265001e+00	8.398801739140979716e-01	9.984996249062265861e+01
4.249004535267267180e+00	8.395699623948453816e-01	8.502125531382846191e+01
4.251006537269269359e+00	8.393637167768799312e-01	7.316829207301826443e+01
4.253008539271270649e+00	8.390873347466111243e-01	6.426606651662916647e+01
4.255010541273272828e+00	8.389503187833211584e-01	1.475368842210552645e+00
4.257012543275275007e+00	8.387176029258680554e-01	5.238809702425606929e+01
4.259014545277277186e+00	8.384376050177080320e-01	4.646161540385096345e+01
4.261016547279279365e+00	8.382133585058394454e-01	8.552138034508627129e+01
4.263018549281280656e+00	8.379035182629416267e-01	4.053513378344586471e+01
4.265020551283282835e+00	8.377256512896851248e-01	3.755938984746186549e+01
4.267022553285285014e+00	8.374882646299190991e-01	3.460865216304075886e+01
4.269024555287287193e+00	8.371805509346735841e-01	9.787446861715429236e+01
4.271026557289289372e+00	8.369415847700203415e-01	6.179044761190297663e+01
4.273028559291290662e+00	8.367083678836918503e-01	5.881470367591898452e+01
4.275030561293292841e+00	8.364763096582090718e-01	8.304576144036009566e+01
4.277032563295295020e+00	8.361981057729066524e-01	5.288822205551387867e+01
4.279034565297297199e+00	8.360450555371833348e-01	2.570642660665166446e+01
4.281036567299299378e+00	8.357324017183925813e-01	9.539884971242811673e+01
4.283038569301300669e+00	8.354840797548491738e-01	9.242310577644411751e+01
4.285040571303302848e+00	8.352284165899259705e-01	4.398599649912478071e+01
4.287042573305305027e+00	8.352602874483552320e-01	8.352088022005501955e+01
4.289044575307307205e+00	8.348180759987106070e-01	8.057014253563390582e+01
4.291046577309309384e+00	8.345712270244481923e-01	7.759439859964992081e+01
4.293048579311310675e+00	8.342633363100393495e-01	3.805951487871968197e+01
4.295050581313312854e+00	8.342803498253088534e-01	7.166791697924480786e+01
4.297052583315315033e+00	8.338080972427907023e-01	3.508377094273568275e+01
4.299054585317317212e+00	8.335039250309775882e-01	1.680420105026256650e+01
4.301056587319319391e+00	8.332554340631745937e-01	1.680420105026256650e+01
4.303058589321320682e+00	8.329478127135135912e-01	9.637409352338085000e+01
4.305060591323322861e+00	8.327675260341704799e-01	6.276569142285571701e+01
4.307062593325325039e+00	8.325179907227800991e-01	9.044761190297575126e+01
4.309064595327327218e+00	8.322440646591723334e-01	2.915728932233058401e+01
4.311066597329329397e+00	8.320207264323826735e-01	9.982495623905977311e+01
4.313068599331330688e+00	8.317525199716866435e-01	4.151037759439859798e+01
4.315070601333332867e+00	8.314397044306608420e-01	8.154538634658665330e+01
4.317072603335335046e+00	8.312000289353693727e-01	6.621655413853463301e+01
4.319074605337337225e+00	8.309793881742451038e-01	9.092273068267067515e+01
4.321076607339339404e+00	8.307659652809818995e-01	8.797199299824956142e+01
4.323078609341340695e+00	8.312647953788737665e-01	8.499624906226557641e+01
4.325080611343342873e+00	8.301415600989813237e-01	6.029007251812953427e+01
4.327082613345345052e+00	8.299502446509385845e-01	3.558389597399349924e+01
4.329084615347347231e+00	8.297015543335839460e-01	2.323080770192548172e+01
4.331086617349349410e+00	8.293820583725800555e-01	7.906976744186046346e+01
4.333088619351350701e+00	8.291167602425609795e-01	8.844711177794448531e+01
4.335090621353352880e+00	8.288622628497390732e-01	7.609402350587647845e+01
4.337092623355355059e+00	8.285720077669009864e-01	6.374093523380845738e+01
4.339094625357357238e+00	8.285161071985308601e-01	7.311827956989247923e+01
4.341096627359359417e+00	8.281038204988977469e-01	5.138784696174043631e+01
4.343098629361360707e+00	8.277657271541428718e-01	7.016754188547136550e+01
4.345100631363362886e+00	8.275202249658527576e-01	9.832458114528633075e+01
4.347102633365365065e+00	8.272495435342955838e-01	5.781445361340335154e+01
4.349104635367367244e+00	8.272034406478615542e-01	8.597149287321830968e+01
4.351106637369369423e+00	8.272085300162664856e-01	9.239809952488121780e+01
4.353108639371370714e+00	8.265011029050308711e-01	7.361840460115028861e+01
4.355110641373372893e+00	8.261942944016851254e-01	9.882470617654414013e+01
4.357112643375375072e+00	8.259129430779522663e-01	2.668167041760440128e+01
4.359114645377377251e+00	8.256082614925294161e-01	9.584896224056014091e+01
4.361116647379379430e+00	8.254233063139941873e-01	7.706926731682921172e+01
4.363118649381380720e+00	8.251244633594773115e-01	6.769192298074518988e+01
4.365120651383382899e+00	8.248411576245032739e-01	3.310827706926731651e+01
4.367122653385385078e+00	8.245007057823450225e-01	8.992248062015504217e+01
4.369124655387387257e+00	8.243143236827287224e-01	7.901975493873468537e+00
4.371126657389389436e+00	8.240036893798703410e-01	7.901975493873468537e+00
4.373128659391390727e+00	8.237243810086227747e-01	7.901975493873468537e+00
4.375130661393392906e+00	8.234765176324841951e-01	7.901975493873468537e+00
4.377132663395395085e+00	8.232602031264317777e-01	7.901975493873468537e+00
4.379134665397397264e+00	8.228978595643303695e-01	5.236309077269317669e+01
4.381136667399399443e+00	8.226362238020227258e-01	8.102025506376594421e+01
4.383138669401400733e+00	8.222861762564154242e-01	8.744686171542886655e+01
4.385140671403402912e+00	8.220314350194370956e-01	1.432858214553638554e+01
4.387142673405405091e+00	8.217855982247859181e-01	1.432858214553638554e+01
4.389144675407407270e+00	8.214342194437938005e-01	9.089772443110777544e+01
4.391146677409409449e+00	8.211744038385448974e-01	6.224056014003501502e+01
4.393148679411410740e+00	8.209037238549239390e-01	7.509377344336084548e+01
4.395150681413412919e+00	8.205932595061705692e-01	9.434858714678669855e+01
4.397152683415415098e+00	8.203208835558435386e-01	4.643660915228807085e+01
4.399154685417417276e+00	8.200783165635011640e-01	7.211802950737684625e+01
4.401156687419419455e+00	8.200514651430779178e-01	9.779944986246562166e+01
4.403158689421420746e+00	8.223732763391709000e-01	8.202050512628157719e+01
4.405160691423422925e+00	8.191927616661052181e-01	9.484871217804452215e+01
4.407162693425425104e+00	8.188501938000962710e-01	5.631407851962990918e+01
4.409164695427427283e+00	8.186526075153900406e-01	4.346086521630407873e+01
4.411166697429429462e+00	8.182662591675688990e-01	9.187296824206052293e+01
4.413168699431430753e+00	8.179942219577095441e-01	2.420605151287822210e+01
4.415170701433432932e+00	8.176935179035679235e-01	5.976494123530883229e+01
4.417172703435435110e+00	8.174095122197313490e-01	1.777944486121530332e+01
4.419174705437437289e+00	8.170799239295059024e-01	7.606901725431357875e+01
4.421176707439439468e+00	8.168561661078529434e-01	6.964241060265067063e+01
4.423178709441440759e+00	8.164980815443098061e-01	8.594648662165542419e+01
4.425180711443442938e+00	8.162431154475071615e-01	3.408352088022005688e+01
4.427182713445445117e+00	8.159721916895955607e-01	5.038759689922481044e+01
4.429184715447447296e+00	8.156356671045705831e-01	2.765691422855714166e+01
4.431186717449449475e+00	8.153182545540266224e-01	4.396099024756189522e+01
4.433188719451450766e+00	8.154679920168641516e-01	9.284821205301325620e+01
4.435190721453452944e+00	8.147132402107308824e-01	5.383845961490372645e+01
4.437192723455455123e+00	8.144767318888986862e-01	6.371592898224556478e+01
4.439194725457457302e+00	8.140955593685916813e-01	4.741185296324081122e+01
4.441196727459459481e+00	8.137929555538069293e-01	8.347086771692923435e+01
4.443198729461460772e+00	8.134745566515918513e-01	6.716679169792448079e+01
4.445200731463462951e+00	8.132119661001371291e-01	8.692173043260815746e+01
4.447202733465465130e+00	8.129201862505618381e-01	5.086271567891973433e+01
4.449204735467467309e+00	8.125620594591571599e-01	8.049512378094523513e+01
4.451206737469469488e+00	8.124755182491085748e-01	4.951237809452363692e+00
4.453208739471470778e+00	8.119956888647779092e-01	9.382345586396598947e+01
4.455210741473473846e+00	8.118271714813791728e-01	1.480370092523130765e+01
4.457212743475475136e+00	8.114650836111306775e-01	6.766691672918230438e+01
4.459214745477477315e+00	8.111223011894327373e-01	4.791197799449862771e+01
4.461216747479479494e+00	8.107983589059717389e-01	8.099524881220305872e+01
4.463218749481480785e+00	8.103482465822656744e-01	9.432358089522381306e+01
4.465220751483483852e+00	8.100880454500702932e-01	5.136284071017754371e+01
4.467222753485485143e+00	8.098115746353635735e-01	8.789697424356089073e+01
4.469224755487487322e+00	8.094392630006397304e-01	7.801950487621905950e+01
4.471226757489489501e+00	8.091831385346128780e-01	5.481370342585646682e+01
4.473228759491490791e+00	8.088148752424908494e-01	3.160790197549387415e+01
4.475230761493493858e+00	8.084612589510029590e-01	5.826456614153538993e+01
4.477232763495495149e+00	8.088381803213420262e-01	8.839709927481871432e+01
4.479234765497497328e+00	8.078611435303013621e-01	4.838709677419355160e+01
4.481236767499499507e+00	8.075406566726505142e-01	3.505876469117279726e+01
4.483238769501500798e+00	8.071471904292170096e-01	9.529882470617654633e+01
4.485240771503503865e+00	8.069261963644205338e-01	9.874968742185546944e+01
4.487242773505505156e+00	8.065539729326179907e-01	8.542135533883471510e+01
4.489244775507507335e+00	8.061795787489037801e-01	8.887221805451363821e+01
4.491246777509509513e+00	8.058446285198243020e-01	7.554388597149286966e+01
4.493248779511510804e+00	8.056721917463419702e-01	7.899474868717179277e+01
4.495250781513513871e+00	8.052927079449782033e-01	9.924981245311327882e+01
4.497252783515515162e+00	8.048641254256252431e-01	6.566641660415103843e+01
4.499254785517517341e+00	8.046061775246196035e-01	6.911727931982996154e+01
4.501256787519519520e+00	8.042263459694161121e-01	9.282320580145037070e+01
4.503258789521520811e+00	8.038488198805425755e-01	9.627406851712927960e+01
4.505260791523523878e+00	8.035540636276499171e-01	5.578894723680920720e+01
4.507262793525525169e+00	8.031939921876148913e-01	8.294573643410852526e+01
4.509264795527527347e+00	8.029085698220063128e-01	8.639659914978744837e+01
4.511266797529529526e+00	8.026799490087594968e-01	3.900975243810952975e+01
4.513268799531530817e+00	8.022164233791708732e-01	4.246061515378844575e+01
4.515270801533533884e+00	8.018810184885104553e-01	1.530382595648912236e+01
4.517272803535535175e+00	8.015491909983262220e-01	1.530382595648912236e+01
4.519274805537537354e+00	8.013231119816515147e-01	8.689672418104527196e+01
4.521276807539539533e+00	8.008770999342594843e-01	9.379844961240310397e+01
4.523278809541540824e+00	8.005637514169350322e-01	1.875468867216804369e+01
4.525280811543543891e+00	8.001465277522231689e-01	6.664166041510378591e+01
4.527282813545545181e+00	7.999576382891517845e-01	2.220555138784696325e+01
4.529284815547547360e+00	7.995198945498784848e-01	8.392098024506127274e+01
4.531286817549549539e+00	7.991467667564338129e-01	9.082270567641910475e+01
4.533288819551550830e+00	7.987607158443112976e-01	3.603400850212553053e+01
4.535290821553553897e+00	7.984718979171064879e-01	3.948487121780445364e+01
4.537292823555555188e+00	7.980624171297188152e-01	5.331332833208302446e+01
4.539294825557557367e+00	7.977556553333933209e-01	7.059264816204051840e+01
4.541296827559559546e+00	7.973186138231238562e-01	9.477369342335583724e+01
4.543298829561560837e+00	7.989718766776467973e-01	9.822455613903476035e+01
4.545300831563563904e+00	8.050907857049844907e-01	9.819954988747187485e+01
4.547302833565565194e+00	8.041814492119588875e-01	9.874968742185546944e+01
4.549304835567567373e+00	7.974778689538949417e-01	9.872468117029258394e+01
4.551306837569569552e+00	7.955812079104996881e-01	8.834708677169292912e+01
4.553308839571570843e+00	7.951999182942350863e-01	6.416604151037759607e+01
4.555310841573573910e+00	7.949109165746021111e-01	5.033758439609902524e+01
4.557312843575575201e+00	7.945338610703835958e-01	4.343585896474118613e+01
4.559314845577577380e+00	7.943683128224139356e-01	3.653413353338334701e+01
4.561316847579579559e+00	7.937703654227974415e-01	9.229807451862966161e+01
4.563318849581580849e+00	7.934282288543788031e-01	2.615653913478369574e+01
4.565320851583583917e+00	7.930538721989780493e-01	7.156789197299325167e+01
4.567322853585585207e+00	7.927261423488159986e-01	2.270567641910477619e+01
4.569324855587587386e+00	7.923443378088945721e-01	9.969992498124531721e+01
4.571326857589589565e+00	7.919513896604504222e-01	5.428857214303576484e+01
4.573328859591590856e+00	7.915607274677907146e-01	8.587146786696673928e+01
4.575330861593593923e+00	7.912624212770974497e-01	7.896974243560890727e+01
4.577332863595595214e+00	7.910325468866286069e-01	7.549387346836709867e+01
4.579334865597597393e+00	7.904727534517972387e-01	9.672418104526131799e+01
4.581336867599599572e+00	7.900812479307386393e-01	6.514128532133032934e+01
4.583338869601600862e+00	7.897152290423254950e-01	3.700925231307827090e+01
4.585340871603603929e+00	7.893926023888576671e-01	8.289572393098275427e+01
4.587342873605605220e+00	7.889503690719905649e-01	3.355838959739934779e+01
4.589344875607607399e+00	7.886937221559316979e-01	7.599399849962490805e+01
4.591346877609609578e+00	7.882410819764342769e-01	5.131282820705176562e+01
4.593348879611611757e+00	7.879879647781885543e-01	6.909227306826707604e+01
4.595350881613613936e+00	7.875352943356290769e-01	4.786196549137284251e+01
4.597352883615615227e+00	7.870979472438909275e-01	8.877219304826207136e+00
4.599354885617617406e+00	7.866975761057960481e-01	8.877219304826207136e+00
4.601356887619619584e+00	7.862663525494116845e-01	5.871467866966742122e+01
4.603358889621621763e+00	7.859532355950378246e-01	7.301825456364090883e+01
4.605360891623623942e+00	7.855857584040513153e-01	5.526381595398849811e+01
4.607362893625625233e+00	7.852432230239823063e-01	3.750937734433608739e+01
4.609364895627627412e+00	7.847171745983398949e-01	8.042010502625656443e+01
4.611366897629629591e+00	7.846091912369432819e-01	7.696924231057764132e+01
4.613368899631631770e+00	7.841095958204281624e-01	4.836209052263065900e+01
4.615370901633633949e+00	7.835359941275020779e-01	7.351837959489873242e+01
4.617372903635635240e+00	7.831209019758282874e-01	8.437109277319329692e+01
4.619374905637637418e+00	7.828523543163841136e-01	9.522380595148787563e+01
4.621376907639639597e+00	7.823985689769369367e-01	9.177294323580895252e+01
4.623378909641641776e+00	7.821028754149863538e-01	5.426356589147286691e+00
4.625380911643643955e+00	7.816402236191423158e-01	5.426356589147286691e+00
4.627382913645645246e+00	7.811939503869591572e-01	5.426356589147286691e+00
4.629384915647647425e+00	7.807641351040496280e-01	5.426356589147286691e+00
4.631386917649649604e+00	7.803349876764543724e-01	5.968992248062015449e+01
4.633388919651651783e+00	7.799541784997429117e-01	5.426356589147286691e+00
4.635390921653653962e+00	7.795290138802903890e-01	7.794448612153038880e+01
4.637392923655655252e+00	7.790835644417720696e-01	9.619904976244060890e+01
4.639394925657657431e+00	7.787218414849759185e-01	3.453363340835208817e+01
4.641396927659659610e+00	7.785044427845411175e-01	5.278819704926231537e+01
4.643398929661661789e+00	7.779005811981093421e-01	2.368092023005751656e+01
4.645400931663663968e+00	7.775204519433216444e-01	4.193548387096774377e+01
4.647402933665665259e+00	7.774864037059305844e-01	9.667416854213553279e+01
4.649404935667667438e+00	7.767232222017281806e-01	3.108277069267316861e+01
4.651406937669669617e+00	7.763270865233248275e-01	7.496874218554638958e+01
4.653408939671671796e+00	7.758370989001065476e-01	1.282820705176294140e+01
4.655410941673673975e+00	7.753671769114310885e-01	9.717429357339335638e+01
4.657412943675675265e+00	7.749371339702115780e-01	7.891972993248312207e+01
4.659414945677677444e+00	7.745839621216579207e-01	9.372343085771443327e+01
4.661416947679679623e+00	7.741115399219469229e-01	6.806701675418854336e+01
4.663418949681681802e+00	7.737851818745161703e-01	8.287071767941985456e+01
4.665420951683683981e+00	7.734154713134617776e-01	3.500875218804701205e+01
4.667422953685685272e+00	7.728295468642440991e-01	5.721430357589397886e+01
4.669424955687687451e+00	7.725696196198055254e-01	9.419854963740935716e+01
4.671426957689689630e+00	7.745716853978197314e-01	8.337084271067767816e+01
4.673428959691691809e+00	7.715239952398051937e-01	9.074768692173043405e+01
4.675430961693693988e+00	7.711330782894010305e-01	4.636159039759940015e+01
4.677432963695695278e+00	7.707357063028769106e-01	3.895973993498374455e+01
4.679434965697697457e+00	7.702323776473611883e-01	7.989497374343586955e+01
4.681436967699699636e+00	7.698734625530511133e-01	6.509127281820455835e+01
4.683438969701701815e+00	7.695289969484376824e-01	5.031257814453613975e+01
4.685440971703703994e+00	7.689647527375028657e-01	7.644411102775694644e+01
4.687442973705705285e+00	7.685454893588521408e-01	9.517379344836209043e+01
4.689444975707707464e+00	7.680605354492695547e-01	3.550887721930482854e+01
4.691446977709709643e+00	7.676597132540068369e-01	5.423855963990997964e+01
4.693448979711711821e+00	7.672137108655926463e-01	2.810702675668917294e+01
4.695450981713714000e+00	7.668005070659562605e-01	2.810702675668917294e+01
4.697452983715715291e+00	7.662822584597336339e-01	5.818954738684671213e+01
4.699454985717717470e+00	7.658701421116577146e-01	9.959989997499374681e+01
4.701456987719719649e+00	7.653953753472237942e-01	5.078769692423105653e+01
4.703458989721721828e+00	7.649086406130325422e-01	7.346836709177294722e+01
4.705460991723724007e+00	7.645993635518623099e-01	4.338584646161540803e+01
4.707462993725725298e+00	7.640279349639469419e-01	7.741935483870967971e+01
4.709464995727727477e+00	7.647431559810339285e-01	8.137034258564641220e+01
4.711466997729729655e+00	7.630829538576902049e-01	7.001750437609402411e+01
4.713468999731731834e+00	7.627344060116785229e-01	9.664916229057264729e+01
4.715471001733734013e+00	7.622116199834076955e-01	2.465616404101025338e+01
4.717473003735735304e+00	7.617925805243551673e-01	8.924731182795699169e+01
4.719475005737737483e+00	7.612728418671733666e-01	3.993498374593648492e+01
4.721477007739739662e+00	7.607587500807970748e-01	8.184546136534133609e+01
4.723479009741741841e+00	7.604305579576741136e-01	7.049262315578894800e+01
4.725481011743744020e+00	7.599075961871737395e-01	5.916479119779945250e+01
4.727483013745745311e+00	7.597207917675823374e-01	8.972243060765191558e+01
4.729485015747747489e+00	7.590468126751612754e-01	7.839459864966241298e+01
4.731487017749749668e+00	7.584615922138522315e-01	3.253313328332082932e+01
4.733489019751751847e+00	7.579663783761780849e-01	1.725431357839459778e+01
4.735491021753754026e+00	7.575155765624009829e-01	7.099274818704677159e+01
4.737493023755755317e+00	7.571270447222043787e-01	5.571392848212052940e+01
4.739495025757757496e+00	7.564871817075282667e-01	9.809952488122030445e+01
4.741497027759759675e+00	7.560503504130142716e-01	8.282070517629408357e+01
4.743499029761761854e+00	7.557370906957436851e-01	2.120530132533133383e+01
4.745501031763764033e+00	7.550962883913510115e-01	9.069767441860464885e+01
4.747503033765765323e+00	7.546133357342098558e-01	4.831207801950488090e+01
4.749505035767767502e+00	7.542080813707786602e-01	2.513128282070517727e+01
4.751507037769769681e+00	7.537507304016016763e-01	5.618904726181545328e+01
4.753509039771771860e+00	7.531329313291593719e-01	2.908227056764191332e+01
4.755511041773774039e+00	7.526676083374277404e-01	9.512378094523631944e+01
4.757513043775775330e+00	7.521544522865901694e-01	6.801700425106277237e+01
4.759515045777777509e+00	7.517270166179791380e-01	3.695923980995249281e+01
4.761517047779779688e+00	7.511518691062607500e-01	4.091022755688922530e+01
4.763519049781781867e+00	7.506240746832104627e-01	9.167291822955739633e+01
4.765521051783784046e+00	7.501343713049730688e-01	5.273818454613653728e+01
4.767523053785785336e+00	7.497215563710284414e-01	1.975493873468367134e+00
4.769525055787787515e+00	7.492062129008874027e-01	1.975493873468367134e+00
4.771527057789789694e+00	7.486503642877829767e-01	8.427106776694174073e+01
4.773529059791791873e+00	7.481782278774444794e-01	1.975493873468367134e+00
4.775531061793794052e+00	7.476655958658642298e-01	1.975493873468367134e+00
4.777533063795795343e+00	7.471538771455978889e-01	1.975493873468367134e+00
4.779535065797797522e+00	7.466430763824188910e-01	1.975493873468367134e+00
4.781537067799799701e+00	7.460993481995643606e-01	4.533633408352088168e+01
4.783539069801801880e+00	7.456242471787588588e-01	1.975493873468367134e+00
4.785541071803804059e+00	7.451162278577999620e-01	1.975493873468367134e+00
4.787543073805805349e+00	7.446091447326964596e-01	1.975493873468367134e+00
4.789545075807807528e+00	7.439832253727649558e-01	9.707426856714178598e+01
4.791547077809809707e+00	7.434894455996259310e-01	7.736934233558389451e+01
4.793549079811811886e+00	7.429672498752851739e-01	6.554138534633658253e+01
4.795551081813814065e+00	7.425548261577903375e-01	5.371342835708927765e+01
4.797553083815815356e+00	7.419422180012633650e-01	4.976244061015253806e+01
4.799555085817817535e+00	7.414135623005401188e-01	8.967241810452613038e+01
4.801557087819819714e+00	7.409655627563258573e-01	8.179544886221555089e+01
4.803559089821821892e+00	7.404196159775231489e-01	3.793448362090522608e+01
4.805561091823824071e+00	7.399241348665256401e-01	6.601650412603150642e+01
4.807563093825825362e+00	7.392867078089659927e-01	3.005751437859465014e+01
4.809565095827827541e+00	7.386754370400465675e-01	8.622155538884722148e+01
4.811567097829829720e+00	7.382488816312984259e-01	5.418854713678420154e+01
4.813569099831831899e+00	7.377266071315686791e-01	2.610652663165791409e+01
4.815571101833834078e+00	7.370806030827284916e-01	9.459864966241561035e+01
4.817573103835835369e+00	7.366056791066035725e-01	6.651662915728933001e+01
4.819575105837837548e+00	7.361124614822122103e-01	4.236059014753688956e+01
4.821577107839839726e+00	7.358847220925234245e-01	9.902475618904726673e+01
4.823579109841841905e+00	7.350079262595476948e-01	3.843460865216304256e+01
4.825581111843844084e+00	7.343562319259656634e-01	1.822955738934733816e+01
4.827583113845845375e+00	7.338327963039402713e-01	8.719679919979995475e+01
4.829585115847847554e+00	7.332255421190764233e-01	5.073768442110527843e+01
4.831587117849849733e+00	7.331122764592489238e-01	9.557389347336834362e+01
4.833589119851851912e+00	7.322896242499227215e-01	4.678669667416854594e+01
4.835591121853854091e+00	7.315681968923570810e-01	7.536884221055264277e+01
4.837593123855855382e+00	7.310728362169116590e-01	4.286071517879469894e+01
4.839595125857857560e+00	7.304767701577071781e-01	8.374593648412103164e+01
4.841597127859859739e+00	7.299703341793815081e-01	2.660665166291573058e+01
4.843599129861861918e+00	7.293358841059451869e-01	3.890972743185796645e+01
4.845601131863864097e+00	7.287046633056982747e-01	6.354088522130533079e+01
4.847603133865865388e+00	7.292165785746200779e-01	9.654913728432109110e+01
4.849605135867867567e+00	7.276243794364999351e-01	4.728682170542635532e+01
4.851607137869869746e+00	7.269567653429791498e-01	9.259814953738434440e+01
4.853609139871871925e+00	7.264110697702194086e-01	2.265566391597899454e+01
4.855611141873874104e+00	7.258952890993595197e-01	7.634408602150537604e+01
4.857613143875875394e+00	7.253945501160322662e-01	4.333583395848962283e+01
4.859615145877877573e+00	7.246999438121357606e-01	5.171292823205801881e+01
4.861617147879879752e+00	7.241451594211951726e-01	8.077019254813703242e+01
4.863619149881881931e+00	7.235635561015858475e-01	8.914728682170543550e+01
4.865621151883884110e+00	7.231971514572851367e-01	7.681920480120029993e+01
4.867623153885885401e+00	7.222627122930761479e-01	8.519629907476870301e+01
4.869625155887887580e+00	7.217107661558117560e-01	6.451612903225806406e+01
4.871627157889889759e+00	7.211089819720596372e-01	2.708177044261065447e+01
4.873629159891891938e+00	7.205265087138249536e-01	3.545886471617904334e+01
4.875631161893894117e+00	7.198905938337308852e-01	6.056514128532133157e+01
4.877633163895895407e+00	7.197815469146574552e-01	9.404851212803201577e+01
4.879635165897897586e+00	7.198043513406753302e-01	9.012253063265816877e+01
4.881637167899899765e+00	7.180614816771555553e-01	7.336834208552137682e+01
4.883639169901901944e+00	7.174567082004907892e-01	3.988497124281070683e+01
4.885641171903904123e+00	7.168622544120423212e-01	8.617154288572143628e+01
4.887643173905905414e+00	7.163453544004645401e-01	6.941735433858464432e+01
4.889645175907907593e+00	7.156142323912652037e-01	9.059764941235309266e+01
4.891647177909909772e+00	7.150032511501676069e-01	4.431107776944236321e+01
4.893649179911911951e+00	7.145171542385915231e-01	6.549137284321081154e+01
4.895651181913914129e+00	7.137481527897360234e-01	5.711427856964241556e+01
4.897653183915915420e+00	7.132346841625657463e-01	6.991747936984246792e+01
4.899655185917917599e+00	7.126532257754295552e-01	8.272068017004251317e+01
4.901657187919919778e+00	7.119817167231772270e-01	7.434358589647412430e+01
4.903659189921921957e+00	7.113486758491927020e-01	6.401600400100025290e+00
4.905661191923924136e+00	7.105850442962642344e-01	7.876969242310578068e+01
4.907663193925925427e+00	7.099900548407693801e-01	6.401600400100025290e+00
4.909665195927927606e+00	7.093528156139348173e-01	6.401600400100025290e+00
4.911667197929929785e+00	7.086998529574286554e-01	8.762190547636909344e+01
4.913669199931931963e+00	7.081631706812117066e-01	6.401600400100025290e+00
4.915671201933934142e+00	7.074642116371874234e-01	7.924481120280070456e+01
4.917673203935935433e+00	7.069459614727882091e-01	2.363090772693173491e+01
4.919675205937937612e+00	7.061267946590343847e-01	2.363090772693173491e+01
4.921677207939939791e+00	7.055256604434837486e-01	4.086021505376344010e+01
4.923679209941941970e+00	7.055174953146772232e-01	9.252313078269567370e+01
4.925681211943944149e+00	7.041427225081069441e-01	4.528632158039510358e+01
4.927683213945945440e+00	7.034780013469354998e-01	6.694173543385846870e+01
4.929685215947947619e+00	7.028274808384502581e-01	4.971242810702675996e+01
4.931687217949949797e+00	7.021639098356871056e-01	1.082770692673168256e+01
4.933689219951951976e+00	7.015091498905936529e-01	1.082770692673168256e+01
4.935691221953954155e+00	7.008854196438563111e-01	8.464616154038509421e+01
4.937693223955955446e+00	7.001849385439360418e-01	8.907226806701676480e+01
4.939695225957957625e+00	6.994890600246006507e-01	4.133533383345836398e+01
4.941697227959959804e+00	6.988165245488929811e-01	1.525381345336334071e+01
4.943699229961961983e+00	6.981609649647279037e-01	1.525381345336334071e+01
4.945701231963964162e+00	6.975072718945459771e-01	8.957239309827457419e+01
4.947703233965965453e+00	6.967471706881506188e-01	9.842460615153788694e+01
4.949705235967967631e+00	6.961676122357657315e-01	6.791697924481120197e+01
4.951707237969969810e+00	6.953816529025906856e-01	7.676919229807452894e+01
4.953709239971971989e+00	6.947069301291786125e-01	8.562140535133784169e+01
4.955711241973974168e+00	6.941561527924892117e-01	3.295823955988997511e+01
4.957713243975975459e+00	6.934314922367150746e-01	4.626156539134783685e+01
4.959715245977977638e+00	6.926161460393005509e-01	5.953988497124281309e+01
4.961717247979979817e+00	6.919053215537271928e-01	7.724431107776945282e+01
4.963719249981981996e+00	6.923209553566141983e-01	9.937484371092773472e+01
4.965721251983984175e+00	6.988846904719795416e-01	9.937484371092773472e+01
4.967723253985985465e+00	6.940544675909707806e-01	9.989997499374844381e+01
4.969725255987987644e+00	6.890537493768846833e-01	9.987496874218554410e+01
4.971727257989989823e+00	6.885189568606705501e-01	6.886721680420104974e+01
4.973729259991992002e+00	6.876351735829424605e-01	5.116279069767442422e+01
4.975731261993994181e+00	6.869209617807697787e-01	3.788447111777944798e+01
4.977733263995995472e+00	6.862470512139229317e-01	9.592398099524881161e+01
4.979735265997997651e+00	6.854356719512999518e-01	8.264566141535384247e+01
4.981737267999999830e+00	6.847914646691953822e-01	6.936734183545887333e+01
