#
#wb	min(sz)	t
2.981737267999999830e+00	5.043897178456363539e-01	7.374343585896474451e+01
2.983739270002002009e+00	5.031520522986249189e-01	4.106026506626656669e+01
2.985741272004003743e+00	5.018926784370236760e-01	1.367841960490122588e+01
2.987743274006005922e+00	5.005853963833380993e-01	6.309077269317329950e+01
2.989745276008007657e+00	4.992663242569238546e-01	3.573393348337084774e+01
2.991747278010009836e+00	4.980349771877122800e-01	7.981995498874718464e+01
2.993749280012012015e+00	4.968900621273266704e-01	9.652413103275819140e+01
2.995751282014013750e+00	4.954365619752133520e-01	3.040760190047512168e+01
2.997753284016015929e+00	4.939824858518679918e-01	6.916729182295574674e+01
2.999755286018017664e+00	4.926923674813086795e-01	8.587146786696673928e+01
3.001757288020019843e+00	4.913631075214885957e-01	6.384096024006002068e+01
3.003759290022022022e+00	4.899846027820136674e-01	9.727431857964491257e+01
3.005761292024023756e+00	4.888174876336941477e-01	2.508127031757939562e+01
3.007763294026025935e+00	4.874438494514972686e-01	8.352088022005501600e+00
3.009765296028027670e+00	4.861465483843120938e-01	8.352088022005501600e+00
3.011767298030029849e+00	4.847995284066946020e-01	6.989247311827956821e+01
3.013769300032032028e+00	4.836425722742868083e-01	8.129532383095774151e+01
3.015771302034033763e+00	4.820104738876673234e-01	3.645911477869467632e+01
3.017773304036035942e+00	4.815647116366374991e-01	9.267316829207302931e+01
3.019775306038037677e+00	4.792329499956686778e-01	4.786196549137284251e+01
3.021777308040039856e+00	4.778966543564623914e-01	1.975493873468367312e+01
3.023779310042042034e+00	4.765923420211465866e-01	7.064266066516628939e+01
3.025781312044043769e+00	4.750305777978940380e-01	8.202050512628157719e+01
3.027783314046045948e+00	4.738215922111285172e-01	4.253563390847712355e+01
3.029785316048047683e+00	4.722683020816688670e-01	5.391347836959239714e+01
3.031787318050049862e+00	4.707863835776596173e-01	9.947486871717930512e+01
3.033789320052052041e+00	4.755767239717724193e-01	9.944986246561640542e+01
3.035791322054053776e+00	4.685391050372715305e-01	9.414853713428357196e+01
3.037793324056055955e+00	4.666287864746636038e-01	5.998999749937484438e+01
3.039795326058057690e+00	4.652071367061448304e-01	3.720930232558139750e+01
3.041797328060059868e+00	4.636626155141399530e-01	8.882220555138785301e+01
3.043799330062062047e+00	4.623823355033228610e-01	2.580645161290322775e+01
3.045801332064063782e+00	4.608493390795487255e-01	9.489872468117029314e+01
3.047803334066065961e+00	4.593345006457255075e-01	8.349587396849211984e+01
3.049805336068067696e+00	4.579032754862899512e-01	4.326081520380095213e+01
3.051807338070069875e+00	4.565540267028740939e-01	8.957239309827457419e+01
3.053809340072072054e+00	4.551901376851471559e-01	7.816954238559640089e+01
3.055811342074073789e+00	4.536479676425201335e-01	3.188297074268567144e+01
3.057813344076075968e+00	4.521129815471537361e-01	6.679169792448112730e+01
3.059815346078077702e+00	4.528448722829845896e-01	8.422105526381595553e+01
3.061817348080079881e+00	4.489311835964993613e-01	9.029757439359840987e+01
3.063819350082082060e+00	4.474969654881810199e-01	3.793448362090522608e+01
3.065821352084083795e+00	4.460786672323472923e-01	7.889472368092023657e+01
3.067823354086085974e+00	4.444951940930241263e-01	2.048012003000750170e+01
3.069825356088087709e+00	4.430747074268884256e-01	4.401100275068767331e+01
3.071827358090089888e+00	4.414739346013308863e-01	9.102275568892223134e+01
3.073829360092092067e+00	4.398039821367136226e-01	9.709927481870468569e+01
3.075831362094093802e+00	4.384942753900026302e-01	2.655663915978994893e+01
3.077833364096095980e+00	4.370894590878547370e-01	2.653163290822705633e+01
3.079835366098097715e+00	4.355894405529290858e-01	8.569642410602651239e+01
3.081837368100099894e+00	4.336523397490816278e-01	6.219054763690922982e+01
3.083839370102102073e+00	4.321824933775021971e-01	6.824206051512878446e+01
3.085841372104103808e+00	4.305125645496707953e-01	7.431857964491122459e+01
3.087843374106105987e+00	4.288556083620807535e-01	8.037009252313077923e+01
3.089845376108107722e+00	4.272977130143118529e-01	4.473618404601150189e+01
3.091847378110109901e+00	4.258089892179835467e-01	9.854963740935234284e+01
3.093849380112112080e+00	4.241282012909841637e-01	5.686421605401350376e+01
3.095851382114113814e+00	4.224846331938585942e-01	6.291572893223305840e+01
3.097853384116115993e+00	4.208028189095432969e-01	7.504376094023506027e+01
3.099855386118117728e+00	4.194103050753080764e-01	9.322330582645662389e+01
3.101857388120119907e+00	4.178242604926651893e-01	3.025756439109777762e+00
3.103859390122122086e+00	4.161304555475714984e-01	3.025756439109777762e+00
3.105861392124123821e+00	4.144420254424319716e-01	3.025756439109777762e+00
3.107863394126126000e+00	4.127590023216938242e-01	3.025756439109777762e+00
3.109865396128127735e+00	4.110312483339590983e-01	1.515378844711177919e+01
3.111867398130129914e+00	4.094093027484354552e-01	3.025756439109777762e+00
3.113869400132132093e+00	4.077426877191926424e-01	3.025756439109777762e+00
3.115871402134133827e+00	4.060816025191805734e-01	3.025756439109777762e+00
3.117873404136136006e+00	4.044260764220705684e-01	3.025756439109777762e+00
3.119875406138137741e+00	4.025077515147092444e-01	8.257064266066517177e+01
3.121877408140139920e+00	4.008775212484853023e-01	7.044261065266316280e+01
3.123879410142142099e+00	3.993539753918456947e-01	5.831457864466116803e+01
3.125881412144143834e+00	3.974135868150061590e-01	5.226306576644161339e+01
3.127883414146146013e+00	3.958334498451653305e-01	9.542385596399100223e+01
3.129885416148147748e+00	3.941428817388235029e-01	8.329582395598900746e+01
3.131887418150149927e+00	3.922012669229890669e-01	7.724431107776945282e+01
3.133889420152152105e+00	3.906095159290391972e-01	7.116779194798699848e+01
3.135891422154153840e+00	3.886771119982259659e-01	6.511627906976744384e+01
3.137893424156156019e+00	3.870011325993251150e-01	9.009752438109528327e+01
3.139895426158157754e+00	3.852637865990781174e-01	2.800700175043760964e+01
3.141897428160159933e+00	3.834202757535250528e-01	5.298824706176544197e+01
3.143899430162162112e+00	3.829870955737624261e-01	7.796949237309327430e+01
3.145901432164163847e+00	3.798871170730641067e-01	4.693673418354588733e+01
3.147903434166166026e+00	3.780907524097250616e-01	9.082270567641910475e+01
3.149905436168167761e+00	3.762870818326341515e-01	8.477119279819955011e+01
3.151907438170169939e+00	3.744337318055179775e-01	4.086021505376344010e+01
3.153909440172172118e+00	3.725117608837745786e-01	9.762440610152538056e+01
3.155911442174173853e+00	3.716029487795894926e-01	9.157289322330582593e+01
3.157913444176176032e+00	3.689549995300190899e-01	5.371342835708927765e+01
3.159915446178178211e+00	3.669946362926646555e-01	8.549637409352338580e+01
3.161917448180179946e+00	3.653066211752083459e-01	6.656664166041510100e+01
3.163919450182182125e+00	3.632723769373433220e-01	4.766191547886972302e+01
3.165921452184183860e+00	3.615442825003739036e-01	9.229807451862966161e+01
3.167923454186186039e+00	3.599110583205942238e-01	7.336834208552137682e+01
3.169925456188188218e+00	3.575679364465896293e-01	8.622155538884722148e+01
3.171927458190189952e+00	3.559562190770684809e-01	4.158539634908727578e+01
3.173929460192192131e+00	3.539360882250189855e-01	6.731682920730182218e+01
3.175931462194193866e+00	3.535909350615236146e-01	9.299824956239059759e+01
3.177933464196196045e+00	3.519946373520833061e-01	9.982495623905977311e+01
3.179935466198198224e+00	3.480145714951605185e-01	7.409352338084521250e+01
3.181937468200199959e+00	3.462295851624858645e-01	4.838709677419355160e+01
3.183939470202202138e+00	3.442453059993247910e-01	9.374843710927731877e+01
3.185941472204203873e+00	3.422029173293226756e-01	2.268067016754188714e+01
3.187943474206206051e+00	3.403046524970361197e-01	5.518879719929982741e+01
3.189945476208208230e+00	3.390440754535588574e-01	7.484371092773193368e+01
3.191947478210209965e+00	3.364325212165100720e-01	9.447361840460115445e+01
3.193949480212212144e+00	3.342689340363411143e-01	6.196549137284321063e+01
3.195951482214213879e+00	3.323546760211277262e-01	9.827456864216054910e+00
3.197953484216216058e+00	3.302150328242771660e-01	6.876719179794949355e+01
3.199955486218218237e+00	3.283642097958996975e-01	9.827456864216054910e+00
3.201957488220219972e+00	3.262812417308309509e-01	7.554388597149286966e+01
3.203959490222222151e+00	3.247838714747119937e-01	8.234558639659915968e+01
3.205961492224223885e+00	3.221096354632402847e-01	3.625906476619154972e+01
3.207963494226226064e+00	3.206352506148226755e-01	8.912228057014253579e+01
3.209965496228228243e+00	3.179384944973876470e-01	6.949237309327331502e+01
3.211967498230229978e+00	3.161465542470069945e-01	7.629407351837960505e+01
3.213969500232232157e+00	3.140309934640168055e-01	4.983745936484121586e+01
3.215971502234233892e+00	3.118329485321103545e-01	8.987246811702925697e+01
3.217973504236236071e+00	3.095542982008019361e-01	9.664916229057264729e+01
3.219975506238238250e+00	3.076105231576125587e-01	6.341585396349087489e+01
3.221977508240239985e+00	3.054187023669660550e-01	2.340585146286571572e+01
3.223979510242242164e+00	3.032194098202247723e-01	8.379594898724681684e+01
3.225981512244243898e+00	3.011217448272924813e-01	9.737434358589648298e+01
3.227983514246246077e+00	2.989716174493204925e-01	3.698424606151537830e+01
3.229985516248248256e+00	2.970222891039550617e-01	5.056264066016504444e+01
3.231987518250249991e+00	2.948000469012741487e-01	6.414103525881471057e+01
3.233989520252252170e+00	2.924831227104310316e-01	9.132283070767692834e+01
3.235991522254253905e+00	2.948404786386785159e-01	9.807451862965741896e+01
3.237993524256256084e+00	3.094675798431156255e-01	9.804951237809453346e+01
3.239995526258258263e+00	2.948064816973930968e-01	9.884971242810702563e+01
3.241997528260259998e+00	2.839028398231588923e-01	9.882470617654414013e+01
3.243999530262262176e+00	2.813575863038731972e-01	7.166791697924480786e+01
3.246001532264263911e+00	2.792065894327529496e-01	5.128782195548887302e+01
3.248003534266266090e+00	2.771622197426425460e-01	3.770942735683921399e+01
3.250005536268268269e+00	2.748503764006181016e-01	9.954988747186797582e+01
3.252007538270270004e+00	2.723871433832008582e-01	8.597149287321830968e+01
3.254009540272272183e+00	2.701889717529989410e-01	2.413103275818954785e+01
3.256011542274273918e+00	2.679907881669602032e-01	2.413103275818954785e+01
3.258013544276276097e+00	2.657387206280257264e-01	5.881470367591898452e+01
3.260015546278278276e+00	2.634534159080465510e-01	9.347336834208552148e+01
3.262017548280280010e+00	2.610631276197923345e-01	1.732933233308327203e+01
3.264019550282282189e+00	2.588177680530532321e-01	4.523630907726931838e+01
3.266021552284283924e+00	2.564295915212645438e-01	7.311827956989247923e+01
3.268023554286286103e+00	2.539890162838847054e-01	9.419854963740935716e+01
3.270025556288288282e+00	2.515442868189214920e-01	8.742185546386596684e+01
3.272027558290290017e+00	2.492952465690452812e-01	5.953988497124281309e+01
3.274029560292292196e+00	2.468934027967082945e-01	1.055263815953988527e+01
3.276031562294293931e+00	2.443783683817756236e-01	5.273818454613653728e+01
3.278033564296296110e+00	2.421525009098132730e-01	1.055263815953988527e+01
3.280035566298298289e+00	2.395304445080884137e-01	6.704176044011002489e+01
3.282037568300300023e+00	2.373493416427347458e-01	4.593648412103026146e+01
3.284039570302302202e+00	2.348807961193684624e-01	9.564891222805701432e+01
3.286041572304304381e+00	2.323168400368832986e-01	2.485621405351337998e+01
3.288043574306306116e+00	2.300193303055109717e-01	8.887221805451363821e+01
3.290045576308308295e+00	2.274719173673691031e-01	3.915978994748687114e+01
3.292047578310310030e+00	2.247924843132437234e-01	8.207051762940736239e+01
3.294049580312312209e+00	2.267230276773329889e-01	9.634908727181796451e+01
3.296051582314314388e+00	2.202676087067794719e-01	8.959739934983745968e+01
3.298053584316316122e+00	2.175432550439515000e-01	6.096524131032758476e+01
3.300055586318318301e+00	2.148571959807857867e-01	9.709927481870468569e+01
3.302057588320320036e+00	2.126858091783954130e-01	6.849212303075769626e+01
3.304059590322322215e+00	2.099587177096112756e-01	1.805451362840710416e+01
3.306061592324324394e+00	2.073208270958184496e-01	1.805451362840710416e+01
3.308063594326326129e+00	2.047166598545197558e-01	9.782445611402850716e+01
3.310065596328328308e+00	2.020470374011217873e-01	6.169042260565141333e+01
3.312067598330330043e+00	2.020277570040339699e-01	6.921730432608151773e+01
3.314069600332332222e+00	1.970676452405892287e-01	4.738684671167791862e+01
3.316071602334334401e+00	1.943290136186323624e-01	9.852463115778945735e+01
3.318073604336336135e+00	1.920770297987036135e-01	2.558139534883721211e+01
3.320075606338338314e+00	1.892961381215779726e-01	8.422105526381595553e+01
3.322077608340340049e+00	1.863462410923253376e-01	6.241560390097524902e+01
3.324079610342342228e+00	1.837720972649488638e-01	3.308327081770443101e+01
3.326081612344344407e+00	1.814862208424262713e-01	7.744436109027256521e+01
3.328083614346346142e+00	1.785099218415705513e-01	8.494623655913979121e+01
3.330085616348348321e+00	1.757293752713298685e-01	4.811202800700175430e+01
3.332087618350350056e+00	1.731866408941333257e-01	5.561390347586897320e+01
3.334089620352352235e+00	1.704014393377793479e-01	6.314078519629907760e+01
3.336091622354354413e+00	1.678340990813896871e-01	7.814453613403351540e+01
3.338093624356356148e+00	1.647247542023597133e-01	9.317329332333083869e+01
3.340095626358358327e+00	1.622543150217720109e-01	3.750937734433608561e+00
3.342097628360360062e+00	1.594199236896892691e-01	3.750937734433608561e+00
3.344099630362362241e+00	1.565958312206633951e-01	3.750937734433608561e+00
3.346101632364364420e+00	1.536689661685479158e-01	7.886971742935733687e+01
3.348103634366366155e+00	1.509787893482587573e-01	3.750937734433608561e+00
3.350105636368368334e+00	1.481859592000915882e-01	3.750937734433608561e+00
3.352107638370370069e+00	1.454036664305718429e-01	3.750937734433608561e+00
3.354109640372372247e+00	1.425398201650880381e-01	9.459864966241561035e+01
3.356111642374374426e+00	1.396706105432181100e-01	7.206801700425106105e+01
3.358113644376376161e+00	1.370564923429629101e-01	6.456614153538384926e+01
3.360115646378378340e+00	1.342918749500892073e-01	4.953738434608652597e+01
3.362117648380380075e+00	1.313063999985447095e-01	9.532383095773944603e+01
3.364119650382382254e+00	1.282529096855559714e-01	4.203550887721930707e+01
3.366121652384384433e+00	1.252325817653180962e-01	7.279319829957489674e+01
3.368123654386386168e+00	1.223334687288716860e-01	3.450862715678919557e+01
3.370125656388388347e+00	1.202397952813658022e-01	9.602400600150038201e+01
3.372127658390390081e+00	1.163344592018353274e-01	5.776444111027757344e+01
3.374129660392392260e+00	1.134242618431030580e-01	2.700675168792198022e+01
3.376131662394394439e+00	1.106543092703836662e-01	5.026256564141035454e+01
3.378133664396396174e+00	1.097431697132918438e-01	7.349337334333583271e+01
3.380135666398398353e+00	1.043719234945673091e-01	6.599149787446862092e+01
3.382137668400400088e+00	1.017452266403971461e-01	4.273568392098025015e+01
3.384139670402402267e+00	9.855279041777670335e-02	5.848962240560140202e+01
3.386141672404404446e+00	9.537381459839161524e-02	7.421855463865966840e+01
3.388143674406406181e+00	9.233831409195747408e-02	3.523380845211303125e+01
3.390145676408408359e+00	8.922637409113831630e-02	5.096274068517129763e+01
3.392147678410410094e+00	8.612385427715246733e-02	9.817454363590897515e+01
3.394149680412412273e+00	8.703415980595607948e-02	9.067266816704176335e+01
3.396151682414414452e+00	8.004998400430690664e-02	7.491872968242060438e+01
3.398153684416416187e+00	7.694567760000348144e-02	4.346086521630407873e+01
3.400155686418418366e+00	7.377969833958636370e-02	8.314578644661165185e+01
3.402157688420420101e+00	7.060379153077467329e-02	6.741685421355339258e+01
3.404159690422422280e+00	6.755027347883391098e-02	5.168792198049512621e+01
3.406161692424424459e+00	6.442741748964081472e-02	7.564391097774444006e+01
3.408163694426426193e+00	6.110695664737719746e-02	1.197799449862465693e+01
3.410165696428428372e+00	5.790341906386820003e-02	1.197799449862465693e+01
3.412167698430430107e+00	5.491856379090831464e-02	6.811702925731432856e+01
3.414169700432432286e+00	5.146272917298605476e-02	4.416104026006501471e+01
3.416171702434434465e+00	4.889754858760902989e-02	7.634408602150537604e+01
3.418173704436436200e+00	4.489579259446413451e-02	5.238809702425606929e+01
3.420175706438438379e+00	4.171488449965243817e-02	2.020505126281570440e+01
3.422177708440440114e+00	3.854383279890444269e-02	2.020505126281570440e+01
3.424179710442442293e+00	3.542131844566887011e-02	7.706926731682921172e+01
3.426181712444444472e+00	3.183966750826017211e-02	8.527131782945737370e+01
3.428183714446446206e+00	2.864378793874072793e-02	3.665916479119780291e+01
3.430185716448448385e+00	2.543912877641973935e-02	4.488622155538885039e+01
3.432187718450450120e+00	2.188274895591996172e-02	5.308827206801700527e+01
3.434189720452452299e+00	1.850839854846603183e-02	8.599649912478119518e+01
3.436191722454454478e+00	1.851567278087418167e-02	9.419854963740935716e+01
3.438193724456456213e+00	3.077639905802104225e-02	9.417354338584647166e+01
3.440195726458458392e+00	1.499988897564324963e-02	9.494873718429607834e+01
3.442197728460460127e+00	4.859232896513798750e-03	9.492373093273319284e+01
3.444199730462462306e+00	1.572574128060832965e-03	6.201550387596899583e+01
3.446201732464464484e+00	-1.944113905519351260e-03	4.558639659914978637e+01
3.448203734466466219e+00	-5.446301406811848711e-03	3.735933983495873889e+01
3.450205736468468398e+00	-8.886358538481631264e-03	2.913228307076769497e+01
3.452207738470470133e+00	-1.240333043691144166e-02	7.916979244811203387e+01
3.454209740472472312e+00	-1.563180608246844683e-02	2.090522630657664394e+01
3.456211742474474491e+00	-1.937599965347680531e-02	2.090522630657664394e+01
3.458213744476476226e+00	-2.290398257782910729e-02	5.451362840710177693e+01
3.460215746478478405e+00	-2.590481589736859380e-02	7.989497374343586955e+01
3.462217748480480140e+00	-2.991962097193279213e-02	4.628657164291072945e+01
3.464219750482482318e+00	-3.353398909726323929e-02	9.702425606401601499e+01
3.466221752484484497e+00	-3.711746165632956451e-02	3.805951487871968197e+01
3.468223754486486232e+00	-4.063926539766260504e-02	1.267816954238559646e+01
3.470225756488488411e+00	-4.408741513700337178e-02	5.521380345086272001e+01
3.472227758490490146e+00	-4.740097768051521054e-02	9.772443110777695097e+01
3.474229760492492325e+00	-5.157999197501739186e-02	2.983245811452863450e+01
3.476231762494494504e+00	-5.520716359776206561e-02	4.698674668667167253e+01
3.478233764496496239e+00	-5.891338730422368553e-02	8.129532383095774151e+01
3.480235766498498418e+00	-5.882235149108538952e-02	9.842460615153788694e+01
3.482237768500500152e+00	-6.622706165201119877e-02	9.022255563890972496e+01
3.484239770502502331e+00	-6.985479793257520775e-02	5.591397849462365599e+01
3.486241772504504510e+00	-7.347046892680553221e-02	9.912478119529882292e+01
3.488243774506506245e+00	-7.745584220077189608e-02	6.484121030257564655e+01
3.490245776508508424e+00	-8.110595511830409610e-02	9.092273068267067515e+01
3.492247778510510159e+00	-8.502738901095252544e-02	7.376844211052763001e+01
3.494249780512512338e+00	-8.719348427127926460e-02	8.269567391847962767e+01
3.496251782514514517e+00	-9.261849970909391550e-02	5.661415353838459907e+01
3.498253784516516252e+00	-9.638515222110882741e-02	3.053263315828957403e+01
3.500255786518518430e+00	-9.940025647363220918e-02	6.554138534633658253e+01
3.502257788520520165e+00	-1.039429417304800207e-01	3.945986496624156104e+01
3.504259790522522344e+00	-1.075344980736371858e-01	8.337084271067767816e+01
3.506261792524524523e+00	-1.118025920039801835e-01	4.838709677419355160e+01
3.508263794526526258e+00	-1.156807840837311696e-01	5.731432858214554216e+01
3.510265796528528437e+00	-1.193239591352869833e-01	6.624156039009753272e+01
3.512267798530530172e+00	-1.232822475236149962e-01	8.407101775443861413e+01
3.514269800532532351e+00	-1.269946505878908893e-01	4.476119029757439804e+00
3.516271802534534530e+00	-1.309497656804516907e-01	4.476119029757439804e+00
3.518273804536536264e+00	-1.349354202869454400e-01	4.451112778194548980e+00
3.520275806538538443e+00	-1.392418170550394629e-01	4.016004001000250412e+01
3.522277808540540178e+00	-1.430257897532072886e-01	1.337834458614653776e+01
3.524279810542542357e+00	-1.469542560461564729e-01	4.451112778194548980e+00
3.526281812544544536e+00	-1.509224988334199602e-01	4.451112778194548980e+00
3.528283814546546271e+00	-1.551873812328719571e-01	8.547136784196050030e+01
3.530285816548548450e+00	-1.589239529772953352e-01	6.761690422605651918e+01
3.532287818550550185e+00	-1.630666725856971255e-01	5.868967241810452862e+01
3.534289820552552364e+00	-1.671575938794246374e-01	4.978744686171543066e+01
3.536291822554554543e+00	-1.713948084319567577e-01	8.617154288572143628e+01
3.538293824556556277e+00	-1.755361051877084022e-01	7.724431107776945282e+01
3.540295826558558456e+00	-1.793666880487432835e-01	6.831707926981745516e+01
3.542297828560560191e+00	-1.836621359285611765e-01	3.193298324581145309e+01
3.544299830562562370e+00	-1.877717282202659987e-01	5.938984746186547170e+01
3.546301832564564549e+00	-1.909174818516338745e-01	7.794448612153038880e+01
3.548303834566566284e+00	-1.960751170246403108e-01	5.046261565391348114e+01
3.550305836568568463e+00	-2.002555819003245530e-01	2.300575143785946608e+01
3.552307838570570198e+00	-2.044578299936769539e-01	8.754688672168042274e+01
3.554309840572572377e+00	-2.085401493616300672e-01	4.153538384596149058e+01
3.556311842574574555e+00	-2.128533371913760575e-01	7.861965491372843928e+01
3.558313844576576290e+00	-2.120545934790091236e-01	9.714928732183045668e+01
3.560315846578578469e+00	-2.212587445657214769e-01	8.824706176544135872e+01
3.562317848580580204e+00	-2.252870289283924743e-01	5.116279069767442422e+01
3.564319850582582383e+00	-2.296174167862035098e-01	3.260815203800950712e+01
3.566321852584584562e+00	-2.336350977193807354e-01	6.076519129782445816e+01
3.568323854586586297e+00	-2.383129761490986875e-01	8.892223055763940920e+01
3.570325856588588476e+00	-2.426411801794718937e-01	1.407851962990747730e+01
3.572327858590590210e+00	-2.468250829560030279e-01	1.407851962990747730e+01
3.574329860592592389e+00	-2.507311603612412121e-01	5.186296574143536020e+01
3.576331862594594568e+00	-2.549916480493791271e-01	8.959739934983745968e+01
3.578333864596596303e+00	-2.598670256376767185e-01	6.146536634158540124e+01
3.580335866598598482e+00	-2.642898735432780422e-01	7.106776694173544229e+01
3.582337868600600217e+00	-2.684212454714093310e-01	8.069517379344836172e+01
3.584339870602602396e+00	-2.730430651708348755e-01	3.330832708177044310e+01
3.586341872604604575e+00	-2.772214671009191611e-01	4.291072768192048414e+01
3.588343874606606310e+00	-2.817621097400135888e-01	5.253813453363341068e+01
3.590345876608608489e+00	-2.862435116133952850e-01	8.137034258564641220e+01
3.592347878610610223e+00	-2.883879602645531004e-01	9.097274318579644614e+01
3.594349880612612402e+00	-2.800072362200952680e-01	9.094773693423356065e+01
3.596351882614614581e+00	-2.923815297686372938e-01	9.169792448112028183e+01
3.598353884616616316e+00	-3.039790443572900625e-01	9.167291822955739633e+01
3.600355886618618495e+00	-3.083515598570452099e-01	6.281570392598149510e+01
3.602357888620620230e+00	-3.127991405804751435e-01	4.361090272568142012e+01
3.604359890622622409e+00	-3.173629834896273261e-01	3.398349587396849358e+01
3.606361892624624588e+00	-3.219264776330197364e-01	9.234808702175544681e+01
3.608363894626626323e+00	-3.264006413203698331e-01	2.438109527381845609e+01
3.610365896628628501e+00	-3.306159716987167596e-01	2.438109527381845609e+01
3.612367898630630236e+00	-3.347331039456248880e-01	6.349087271817954559e+01
3.614369900632632415e+00	-3.401382593529271858e-01	5.388847211802951165e+01
3.616371902634634594e+00	-3.443423929671308170e-01	1.475368842210552778e+01
3.618373904636636329e+00	-3.492393489931384098e-01	7.379344836209052971e+01
3.620375906638638508e+00	-3.536917978779718363e-01	1.475368842210552778e+01
3.622377908640640243e+00	-3.582015642525688270e-01	6.419104776194048156e+01
3.624379910642642422e+00	-3.627471503644113526e-01	3.465866466616654407e+01
3.626381912644644601e+00	-3.673567232632780066e-01	3.465866466616654407e+01
3.628383914646646335e+00	-3.722709077512628140e-01	9.437359339834959826e+01
3.630385916648648514e+00	-3.727905514608371718e-01	8.477119279819955011e+01
3.632387918650650249e+00	-3.813188093964293146e-01	6.486621655413853205e+01
3.634389920652652428e+00	-3.859208728611122630e-01	4.496124031007752109e+01
3.636391922654654607e+00	-3.906660311786654405e-01	2.505626406601650658e+01
3.638393924656656342e+00	-3.950328229147555548e-01	2.505626406601650658e+01
3.640395926658658521e+00	-3.998794280346193997e-01	8.544636159039760059e+01
3.642397928660660256e+00	-4.042682010335935661e-01	9.572393098274568501e+01
3.644399930662662435e+00	-4.093060380748858584e-01	3.533383345836459455e+01
3.646401932664664614e+00	-4.141738557633473650e-01	7.581895473868468116e+01
3.648403934666666348e+00	-4.186469260192474673e-01	8.609652413103276558e+01
3.650405936668668527e+00	-4.234277910636601305e-01	9.639909977494373550e+01
3.652407938670670262e+00	-4.282318470328954629e-01	5.591397849462365599e+01
3.654409940672672441e+00	-4.328794973800545454e-01	6.619154788697174752e+01
3.656411942674674620e+00	-4.376200504276543946e-01	8.677169292323081606e+01
3.658413944676676355e+00	-4.421987629014385024e-01	5.151287821955489399e+00
3.660415946678678534e+00	-4.469946071528136944e-01	5.151287821955489399e+00
3.662417948680680269e+00	-4.517581733841093405e-01	5.151287821955489399e+00
3.664419950682682448e+00	-4.565995097449537243e-01	1.542885721430357648e+01
3.666421952684684626e+00	-4.612538016490494996e-01	1.542885721430357648e+01
3.668423954686686361e+00	-4.658550019664901010e-01	5.151287821955489399e+00
3.670425956688688540e+00	-4.704892859933431093e-01	5.151287821955489399e+00
3.672427958690690275e+00	-4.753530167237456916e-01	8.809702425606401732e+01
3.674429960692692454e+00	-4.799892112812177425e-01	7.781945486371593290e+01
3.676431962694694633e+00	-4.848517370322774078e-01	5.723930982745686435e+01
3.678433964696696368e+00	-4.892776326418716848e-01	4.696174043510877993e+01
3.680435966698698547e+00	-4.946070072070936074e-01	8.877219304826206780e+01
3.682437968700700281e+00	-4.990380058557329357e-01	7.846961740435109789e+01
3.684439970702702460e+00	-5.041996200192444544e-01	3.665916479119780291e+01
3.686441972704704639e+00	-5.088596287097526538e-01	9.969992498124531721e+01
3.688443974706706374e+00	-5.137085812558640496e-01	8.942235558889723279e+01
3.690445976708708553e+00	-5.184119396222192089e-01	2.638159539884971494e+01
3.692447978710710288e+00	-5.233827470506865476e-01	2.638159539884971494e+01
3.694449980712712467e+00	-5.281187579660420184e-01	4.761190297574393782e+01
3.696451982714714646e+00	-5.329863419923992485e-01	6.884221055263816424e+01
3.698453984716716381e+00	-5.345289397658098407e-01	9.007251812953238357e+01
3.700455986718718560e+00	-5.423359479331186783e-01	7.979494873718429915e+01
3.702457988720720294e+00	-5.470655579984922134e-01	3.733433358339585340e+01
3.704459990722722473e+00	-5.519317056907003805e-01	9.074768692173043405e+01
3.706461992724724652e+00	-5.568344620607452722e-01	6.949237309327331502e+01
3.708463994726726387e+00	-5.613785437750240526e-01	1.610402600650162697e+01
3.710465996728728566e+00	-5.665257727578140168e-01	4.826206551637909570e+01
3.712467998730730301e+00	-5.711279142666341180e-01	9.139784946236559904e+01
3.714470000732732480e+00	-5.759852726155147984e-01	5.921480370092523060e+01
3.716472002734734659e+00	-5.804291619608781261e-01	7.014253563390848001e+01
3.718474004736736838e+00	-5.856504425440716144e-01	2.703175793948487282e+01
3.720476006738738572e+00	-5.902501175793185562e-01	2.703175793948487282e+01
3.722478008740740307e+00	-5.950049143634356108e-01	3.798449612403101128e+01
3.724480010742742486e+00	-5.998141406199738457e-01	4.891222805701425358e+01
3.726482012744744665e+00	-6.046156924257921617e-01	5.986496624156039559e+01
3.728484014746746844e+00	-6.093602301839462498e-01	9.267316829207302931e+01
3.730486016748748579e+00	-6.107258789187288706e-01	9.264816204051012960e+01
3.732488018750750314e+00	-6.037395010675193907e-01	9.264816204051012960e+01
3.734490020752752493e+00	-6.182353659005312974e-01	9.334833708427106558e+01
3.736492022754754672e+00	-6.284592438051365137e-01	9.332333083270818008e+01
3.738494024756756851e+00	-6.329750691011583053e-01	6.049012253063266087e+01
3.740496026758758585e+00	-6.378409520287851020e-01	4.956239059764941146e+01
3.742498028760760320e+00	-6.426328547226634047e-01	3.860965241310327656e+01
3.744500030762762499e+00	-6.470721905034771959e-01	9.397349337334334507e+01
3.746502032764764678e+00	-6.520498589564570624e-01	8.302075518879719596e+01
3.748504034766766857e+00	-6.566593131794020710e-01	7.206801700425106105e+01
3.750506036768768592e+00	-6.610893925998713172e-01	6.114028507126781875e+01
3.752508038770770327e+00	-6.659814666433203634e-01	9.459864966241561035e+01
3.754510040772772506e+00	-6.706905889305421198e-01	1.672918229557389580e+01
3.756512042774774685e+00	-6.753606560921009416e-01	1.672918229557389580e+01
3.758514044776776863e+00	-6.797884451511108095e-01	7.271817954488622604e+01
3.760516046778778598e+00	-6.843733226581789619e-01	9.522380595148787563e+01
3.762518048780780333e+00	-6.890212442256863357e-01	3.923480870217554894e+01
3.764520050782782512e+00	-6.936867400841664200e-01	6.176544136034009114e+01
3.766522052784784691e+00	-6.960670616027095914e-01	8.427106776694174073e+01
3.768524054786786870e+00	-7.024580480466544596e-01	9.584896224056014091e+01
3.770526056788788605e+00	-7.073794871576413179e-01	5.081270317579394913e+01
3.772528058790790340e+00	-7.119048632045382741e-01	2.830707676919229954e+01
3.774530060792792518e+00	-7.165403256336835280e-01	2.830707676919229954e+01
3.776532062794794697e+00	-7.211468345045634054e-01	6.239059764941235642e+01
3.778534064796796876e+00	-7.241533676077633874e-01	9.647411852963240619e+01
3.780536066798798611e+00	-7.299392878048546196e-01	7.396849212303075660e+01
3.782538068800800346e+00	-7.343926056272874758e-01	3.985996499124781423e+01
3.784540070802802525e+00	-7.380910111709975130e-01	8.552138034508627129e+01
3.786542072804804704e+00	-7.434354070223299082e-01	5.143785946486622151e+01
3.788544074806806883e+00	-7.475277901224981481e-01	6.301575393848462170e+01
3.790546076808808618e+00	-7.516438492528458859e-01	6.299074768692173620e+01
3.792548078810810797e+00	-7.565148508774303115e-01	8.614653663415853657e+01
3.794550080812812531e+00	-7.606742930045340412e-01	9.769942485621405126e+01
3.796552082814814710e+00	-7.649497863127566744e-01	5.776444111027757344e+00
3.798554084816816889e+00	-7.693562968225859944e-01	5.776444111027757344e+00
3.800556086818818624e+00	-7.737341442774628986e-01	1.735433858464616108e+01
3.802558088820820803e+00	-7.780991209111822737e-01	6.361590397599400148e+01
3.804560090822822538e+00	-7.822574398771964255e-01	5.776444111027757344e+00
3.806562092824824717e+00	-7.864522119372333586e-01	5.776444111027757344e+00
3.808564094826826896e+00	-7.905944644987541459e-01	5.776444111027757344e+00
3.810566096828828631e+00	-7.947206131991477740e-01	9.892473118279569633e+01
3.812568098830830809e+00	-7.989230395096631465e-01	8.734683670917729614e+01
3.814570100832832544e+00	-8.027079997277186685e-01	5.776444111027757344e+00
3.816572102834834723e+00	-8.069870648706315430e-01	6.421605401350338127e+01
3.818574104836836902e+00	-8.110839032153563943e-01	5.266316579144786658e+01
3.820576106838838637e+00	-8.145970575854843965e-01	9.949987496874219062e+01
3.822578108840840816e+00	-8.191930190158578373e-01	4.108527131782945929e+01
3.824580110842842551e+00	-8.230403079440327119e-01	7.639409852463116124e+01
3.826582112844844730e+00	-8.262914640715461889e-01	7.636909227306827574e+01
3.828584114846846909e+00	-8.309509561358462415e-01	6.481620405101276106e+01
3.830586116848848643e+00	-8.346945449100134917e-01	2.950737684421105556e+01
3.832588118850850822e+00	-8.388211138411768575e-01	2.950737684421105556e+01
3.834590120852852557e+00	-8.424368469663706671e-01	5.323830957739435377e+01
3.836592122854854736e+00	-8.464523748611153531e-01	7.696924231057764132e+01
3.838594124856856915e+00	-8.488549377886694947e-01	7.694423605901475582e+01
3.840596126858858650e+00	-8.520723235767064807e-01	8.914728682170543550e+01
3.842598128860860829e+00	-8.575903681402525791e-01	8.912228057014253579e+01
3.844600130862862564e+00	-8.611009621991774221e-01	4.166041510377594648e+01
3.846602132864864743e+00	-8.647357366516547073e-01	4.166041510377594648e+01
3.848604134866866922e+00	-8.684662531901716775e-01	7.754438609652413561e+01
3.850606136868868656e+00	-8.717233669784045791e-01	1.795448862215554087e+01
3.852608138870870835e+00	-8.755067959667599542e-01	5.381345336334084095e+01
3.854610140872872570e+00	-8.789086455873844628e-01	1.792948237059264827e+01
3.856612142874874749e+00	-8.821786001620290918e-01	1.792948237059264827e+01
3.858614144876876928e+00	-8.855457642318711464e-01	6.596649162290573543e+01
3.860616146878878663e+00	-8.889993195680229165e-01	7.811952988247061569e+01
3.862618148880880842e+00	-8.924036606421463791e-01	3.008252063015753919e+01
3.864620150882882577e+00	-8.957504216549688758e-01	3.008252063015753919e+01
3.866622152884884756e+00	-8.986772359742862815e-01	4.223555888972243366e+01
3.868624154886886934e+00	-9.021438422029206539e-01	4.223555888972243366e+01
3.870626156888888669e+00	-9.051316042077207635e-01	5.436359089772443554e+01
3.872628158890890848e+00	-9.084589421065019099e-01	6.651662915728933001e+01
3.874630160892892583e+00	-9.114149402984373927e-01	9.079769942485621925e+01
3.876632162894894762e+00	-9.133860093298760141e-01	9.079769942485621925e+01
3.878634164896896941e+00	-9.124145422057609034e-01	9.077269317329333376e+01
3.880636166898898676e+00	-9.082658355918347137e-01	9.074768692173043405e+01
3.882638168900900855e+00	-9.175508009345834104e-01	9.137284321080269933e+01
3.884640170902902589e+00	-9.246867440997551535e-01	9.134783695923981384e+01
3.886642172904904768e+00	-9.289053393613486698e-01	9.134783695923981384e+01
3.888644174906906947e+00	-9.316098418049469920e-01	6.704176044011002489e+01
3.890646176908908682e+00	-9.344281327362591316e-01	5.491372843210803012e+01
3.892648178910910861e+00	-9.370000756218437310e-01	4.276069017254313565e+01
3.894650180912912596e+00	-9.396416555811794025e-01	4.276069017254313565e+01
3.896652182914914775e+00	-9.420745372650026761e-01	3.063265816454113732e+01
3.898654184916916954e+00	-9.446196596476593710e-01	9.184796199049762322e+01
3.900656186918918689e+00	-9.471009785698648598e-01	3.060765191297824472e+01
3.902658188920920868e+00	-9.493712165654424329e-01	7.969492373093274296e+01
3.904660190922922602e+00	-9.518066487854137669e-01	6.756689172293073398e+01
3.906662192924924781e+00	-9.541505447284416297e-01	6.756689172293073398e+01
3.908664194926926960e+00	-9.564802628877070445e-01	1.847961990497624640e+01
3.910666196928928695e+00	-9.587346391827508141e-01	1.847961990497624640e+01
3.912668198930930874e+00	-9.608422057011599682e-01	5.541385346336584661e+01
3.914670200932932609e+00	-9.627967921430254927e-01	1.845461365341335380e+01
3.916672202934934788e+00	-9.649236387801735093e-01	8.022005501375343783e+01
3.918674204936936967e+00	-9.665971555884714794e-01	1.845461365341335380e+01
3.920676206938938702e+00	-9.689579939259097552e-01	4.326081520380095213e+01
3.922678208940940880e+00	-9.707855517814035773e-01	4.326081520380095213e+01
3.924680210942942615e+00	-9.726557647262660256e-01	6.804201050262565786e+01
3.926682212944944794e+00	-9.741714162169572422e-01	9.282320580145037070e+01
3.928684214946946973e+00	-9.741477796867259453e-01	9.279819954988747099e+01
3.930686216948948708e+00	-9.769764950075678911e-01	8.069517379344836172e+01
3.932688218950950887e+00	-9.793712975934556475e-01	8.067016754188547623e+01
3.934690220952952622e+00	-9.809547636475735022e-01	5.588897224306077050e+01
3.936692222954954801e+00	-9.822467032157324862e-01	3.110777694423606121e+01
3.938694224956956980e+00	-9.837846470969100476e-01	3.110777694423606121e+01
3.940696226958958714e+00	-9.851870222187953940e-01	9.327331832958239488e+01
3.942698228960960893e+00	-9.864566151978859665e-01	3.108277069267316861e+01
3.944700230962962628e+00	-9.878128626693006842e-01	6.849212303075769626e+01
3.946702232964964807e+00	-9.886283822369041907e-01	6.849212303075769626e+01
3.948704234966966986e+00	-9.895157572281254588e-01	8.112028007001751462e+01
3.950706236968968721e+00	-9.911481570481690540e-01	8.109527381845461491e+01
3.952708238970970900e+00	-9.921153200317682774e-01	4.371092773193298342e+01
3.954710240972972635e+00	-9.931025831927752234e-01	4.368592148037009792e+01
3.956712242974974814e+00	-9.940147604730543707e-01	9.369842460615154778e+01
3.958714244976976993e+00	-9.945855751753925889e-01	9.367341835458864807e+01
3.960716246978978727e+00	-9.955128824372271312e-01	5.628907226806701658e+01
3.962718248980980906e+00	-9.963565901177298123e-01	5.628907226806701658e+01
3.964720250982982641e+00	-9.968613772778595061e-01	5.628907226806701658e+01
3.966722252984984820e+00	-9.974685571577254217e-01	6.889222305576394945e+01
3.968724254986986999e+00	-9.980782116172999263e-01	6.886721680420104974e+01
3.970726256988988734e+00	-9.984779464223619838e-01	8.147036759189798261e+01
3.972728258990990913e+00	-9.988866296320479954e-01	8.144536134033508290e+01
3.974730260992992648e+00	-9.992537464822838222e-01	9.404851212803201577e+01
3.976732262994994826e+00	-9.995128357050748757e-01	6.301575393848461992e+00
3.978734264996997005e+00	-9.997246043262320025e-01	6.301575393848461992e+00
3.980736266998998740e+00	-9.998684197748517466e-01	6.301575393848461992e+00
3.982738269001000919e+00	-9.999450247071209885e-01	6.301575393848461992e+00
3.984740271003002654e+00	-9.999937166256677168e-01	1.887971992998249604e+01
3.986742273005004833e+00	-9.999958155584655062e-01	3.145786446611652920e+01
3.988744275007007012e+00	-9.999947003917203370e-01	5.661415353838459907e+01
3.990746277009008747e+00	-9.999425689153355057e-01	8.174543635908977990e+01
3.992748279011010926e+00	-9.998612501419312792e-01	9.432358089522381306e+01
3.994750281013012660e+00	-9.994025627902830555e-01	9.429857464366091335e+01
3.996752283015014839e+00	-9.988228867726964832e-01	9.429857464366091335e+01
3.998754285017017018e+00	-9.983286654134476690e-01	6.914228557139284703e+01
4.000756287019019197e+00	-9.980367601602972982e-01	9.427356839209802786e+01
4.002758289021020488e+00	-9.980394584826182136e-01	9.427356839209802786e+01
4.004760291023022667e+00	-9.983210383075739047e-01	9.427356839209802786e+01
4.006762293025024846e+00	-9.988118922279242140e-01	9.427356839209802786e+01
4.008764295027027025e+00	-9.993736903063937804e-01	9.427356839209802786e+01
4.010766297029029204e+00	-9.998292056234796554e-01	9.427356839209802786e+01
4.012768299031030494e+00	-9.999954083494503321e-01	9.427356839209802786e+01
4.014770301033032673e+00	-9.999868569167429389e-01	8.172043010752688019e+01
4.016772303035034852e+00	-9.998779668183572777e-01	8.172043010752688019e+01
4.018774305037037031e+00	-9.999154738425004574e-01	6.919229807451863223e+01
4.020776307039039210e+00	-9.996677993598978018e-01	6.914228557139284703e+01
4.022778309041040501e+00	-9.995277425154375228e-01	5.661415353838459907e+01
4.024780311043042680e+00	-9.993180426935993621e-01	5.658914728682170647e+01
4.026782313045044859e+00	-9.989012910776748910e-01	5.656414103525881387e+01
4.028784315047047038e+00	-9.983091103671648536e-01	4.406101525381345851e+01
4.030786317049049217e+00	-9.980196888255914445e-01	4.403600900225056591e+01
4.032788319051050507e+00	-9.975906095988200661e-01	4.401100275068767331e+01
4.034790321053052686e+00	-9.970296916652766628e-01	4.398599649912478071e+01
4.036792323055054865e+00	-9.963443034541573651e-01	4.396099024756189522e+01
4.038794325057057044e+00	-9.955441819701424944e-01	4.396099024756189522e+01
4.040796327059059223e+00	-9.946636181153106770e-01	4.393598399599900262e+01
4.042798329061060514e+00	-9.936837708823729187e-01	4.391097774443611002e+01
4.044800331063062693e+00	-9.926490028365967389e-01	3.145786446611652920e+01
4.046802333065064872e+00	-9.917852828396981346e-01	3.143285821455364015e+01
4.048804335067067051e+00	-9.908517037727679888e-01	3.143285821455364015e+01
4.050806337069069230e+00	-9.898513978465597329e-01	3.140785196299074755e+01
4.052808339071070520e+00	-9.887199291351114194e-01	3.138284571142785850e+01
4.054810341073072699e+00	-9.875824661511857228e-01	3.138284571142785850e+01
4.056812343075074878e+00	-9.863345824021666486e-01	3.135783945986496590e+01
4.058814345077077057e+00	-9.849926340888782716e-01	3.135783945986496590e+01
4.060816347079079236e+00	-9.836436777168214851e-01	3.133283320830207686e+01
4.062818349081080527e+00	-9.821608331377240653e-01	3.130782695673918781e+01
4.064820351083082706e+00	-9.806571247007055403e-01	3.130782695673918781e+01
4.066822353085084885e+00	-9.790874404948732845e-01	3.128282070517629521e+01
4.068824355087087064e+00	-9.773822873514136367e-01	3.128282070517629521e+01
4.070826357089089242e+00	-9.757371373846227547e-01	3.125781445361340616e+01
4.072828359091090533e+00	-9.739562069082948748e-01	9.372343085771443327e+01
4.074830361093092712e+00	-9.721332266855646775e-01	9.367341835458864807e+01
4.076832363095094891e+00	-9.702593987308307799e-01	3.120780195048762451e+01
4.078834365097097070e+00	-9.682666758077748126e-01	9.357339334833709188e+01
4.080836367099099249e+00	-9.663033491354408033e-01	3.118279569892473191e+01
4.082838369101100540e+00	-9.642357976199147362e-01	3.115778944736184286e+01
4.084840371103102719e+00	-9.621081107228868223e-01	9.344836209052263598e+01
4.086842373105104897e+00	-9.599553120798567374e-01	3.113278319579895026e+01
4.088844375107107076e+00	-9.576646203041325744e-01	9.334833708427106558e+01
4.090846377109109255e+00	-9.554055042407574305e-01	3.110777694423606121e+01
4.092848379111110546e+00	-9.530578113229202231e-01	3.108277069267316861e+01
4.094850381113112725e+00	-9.505774579431748306e-01	3.108277069267316861e+01
4.096852383115114904e+00	-9.481757100579931707e-01	3.105776444111027956e+01
4.098854385117117083e+00	-9.455864207089208495e-01	3.103275818954738696e+01
4.100856387119119262e+00	-9.430054358939459203e-01	3.103275818954738696e+01
4.102858389121120553e+00	-9.403570784745012290e-01	3.100775193798449791e+01
4.104860391123122731e+00	-9.375327240412555385e-01	3.100775193798449791e+01
4.106862393125124910e+00	-9.348247040152588561e-01	3.098274568642160531e+01
4.108864395127127089e+00	-9.319051034026696323e-01	3.095773943485871627e+01
4.110866397129129268e+00	-9.289720868466263548e-01	3.095773943485871627e+01
4.112868399131130559e+00	-9.262836038042983056e-01	4.316079019754938884e+01
4.114870401133132738e+00	-9.234954895754308168e-01	4.313578394598649624e+01
4.116872403135134917e+00	-9.206000572793452408e-01	4.311077769442361074e+01
4.118874405137137096e+00	-9.175901993429654846e-01	4.308577144286071814e+01
4.120876407139139275e+00	-9.144622400611461810e-01	4.308577144286071814e+01
4.122878409141140565e+00	-9.113747877466469305e-01	4.306076519129782554e+01
4.124880411143142744e+00	-9.081572476766175406e-01	4.303575893973493294e+01
4.126882413145144923e+00	-9.048015697987725758e-01	4.301075268817204744e+01
4.128884415147147102e+00	-9.016426639136941867e-01	5.516379094773693481e+01
4.130886417149149281e+00	-8.984243370365162518e-01	5.513878469617404932e+01
4.132888419151150572e+00	-8.950366158360053559e-01	5.511377844461115671e+01
4.134890421153152751e+00	-8.914677885079490549e-01	5.508877219304826411e+01
4.136892423155154930e+00	-8.880868937213509673e-01	6.721680420105026599e+01
4.138894425157157109e+00	-8.845662704488542749e-01	6.716679169792448079e+01
4.140896427159159288e+00	-8.809710631791397573e-01	7.926981745436359006e+01
4.142898429161160578e+00	-8.774330760917534722e-01	7.924481120280070456e+01
4.144900431163162757e+00	-8.737603689387165584e-01	9.132283070767692834e+01
4.146902433165164936e+00	-8.696124410769251467e-01	9.129782445611402864e+01
4.148904435167167115e+00	-8.649769611407667202e-01	9.124781195298825764e+01
4.150906437169169294e+00	-8.596407832881072242e-01	9.119779944986247244e+01
4.152908439171170585e+00	-8.535613956892859067e-01	9.114778694673668724e+01
4.154910441173172764e+00	-8.467829327442660814e-01	9.112278069517380175e+01
4.156912443175174943e+00	-8.394233070986428791e-01	9.107276819204801654e+01
4.158914445177177122e+00	-8.312022229227604697e-01	9.102275568892223134e+01
4.160916447179179301e+00	-8.288490715807190767e-01	9.022255563890972496e+01
4.162918449181180591e+00	-8.290230618877338920e-01	9.017254313578395397e+01
4.164920451183182770e+00	-8.285848921606014938e-01	9.014753688422105427e+01
4.166922453185184949e+00	-8.274565365013981655e-01	9.009752438109528327e+01
4.168924455187187128e+00	-8.254157695059864963e-01	9.004751187796949807e+01
4.170926457189189307e+00	-8.224101176093929766e-01	8.999749937484371287e+01
4.172928459191190598e+00	-8.187288620687684926e-01	8.997249312328082738e+01
4.174930461193192777e+00	-8.144140706489783055e-01	7.789447361840460360e+01
4.176932463195194956e+00	-8.103134631279897970e-01	6.581645411352837982e+01
4.178934465197197135e+00	-8.057435867411156805e-01	5.376344086021505575e+01
4.180936467199199313e+00	-8.015905782063121876e-01	5.371342835708927765e+01
4.182938469201200604e+00	-7.971130670479351643e-01	4.168542135533883908e+01
4.184940471203202783e+00	-7.930163975770119222e-01	4.166041510377594648e+01
4.186942473205204962e+00	-7.885854071625990613e-01	4.163540885221305388e+01
4.188944475207207141e+00	-7.838438952480810684e-01	4.163540885221305388e+01
4.190946477209209320e+00	-7.794316290409835091e-01	2.960740185046261530e+01
4.192948479211210611e+00	-7.750126926013705120e-01	2.960740185046261530e+01
4.194950481213212790e+00	-7.707905327128470319e-01	2.958239559889972625e+01
4.196952483215214968e+00	-7.660855092519107679e-01	2.955738934733683720e+01
4.198954485217217147e+00	-7.614539692862435372e-01	2.955738934733683720e+01
4.200956487219219326e+00	-7.568996569619320658e-01	7.664416104026007304e+01
4.202958489221220617e+00	-7.515138277208098794e-01	7.661915478869717333e+01
4.204960491223222796e+00	-7.474050422998540499e-01	6.461615403850963446e+01
4.206962493225224975e+00	-7.430834194954669680e-01	6.459114778694673475e+01
4.208964495227227154e+00	-7.382160911603109499e-01	9.964991247811953201e+01
4.210966497229229333e+00	-7.335920859799762717e-01	1.752938234558639863e+01
4.212968499231230624e+00	-7.289211311515277902e-01	1.752938234558639863e+01
4.214970501233232802e+00	-7.241044697506322514e-01	8.757189297324330823e+01
4.216972503235234981e+00	-7.194267221005694601e-01	1.750437609402350603e+01
4.218974505237237160e+00	-7.145027545301375627e-01	1.750437609402350603e+01
4.220976507239239339e+00	-7.094674089114341164e-01	7.554388597149286966e+01
4.222978509241240630e+00	-7.047077202376754723e-01	7.551887971992998416e+01
4.224980511243242809e+00	-6.997417346159747753e-01	9.852463115778945735e+01
4.226982513245244988e+00	-6.951080718562920868e-01	4.051012753188297211e+01
4.228984515247247167e+00	-6.902810491792886749e-01	4.048512128032007951e+01
4.230986517249249346e+00	-6.852728804128311868e-01	6.349087271817954559e+01
4.232988519251250636e+00	-6.802732552502283037e-01	8.647161790447611907e+01
4.234990521253252815e+00	-6.747019854231479652e-01	8.642160540135034807e+01
4.236992523255254994e+00	-6.669634152753156631e-01	8.637159289822456287e+01
4.238994525257257173e+00	-6.639390657747143987e-01	9.744936234058515367e+01
4.240996527259259352e+00	-6.602704644722143801e-01	9.739934983745936847e+01
4.242998529261260643e+00	-6.553389024502548343e-01	7.441860465116279499e+01
4.245000531263262822e+00	-6.504560804426222642e-01	5.143785946486622151e+01
4.247002533265265001e+00	-6.452480002317739771e-01	2.848212053013253353e+01
4.249004535267267180e+00	-6.402964591746609369e-01	2.845711427856964448e+01
4.251006537269269359e+00	-6.352977001148475411e-01	2.845711427856964448e+01
4.253008539271270649e+00	-6.300480869796494243e-01	6.241560390097524902e+01
4.255010541273272828e+00	-6.250701421126827473e-01	6.239059764941235642e+01
4.257012543275275007e+00	-6.191102130058564468e-01	9.629907476869217930e+01
4.259014545277277186e+00	-6.142940835547229250e-01	7.339334833708427652e+01
4.261016547279279365e+00	-6.097100835488000747e-01	7.336834208552137682e+01
4.263018549281280656e+00	-6.046196120315008304e-01	3.943485871467866843e+01
4.265020551283282835e+00	-5.994338125466364131e-01	3.940985246311578294e+01
4.267022553285285014e+00	-5.937560772942207521e-01	8.429607401850462622e+01
4.269024555287287193e+00	-5.892472214445181322e-01	9.529882470617654633e+01
4.271026557289289372e+00	-5.841248018531350894e-01	5.038759689922481044e+01
4.273028559291290662e+00	-5.783663939266149301e-01	5.036259064766191784e+01
4.275030561293292841e+00	-5.737701940729035277e-01	6.136534133533383795e+01
4.277032563295295020e+00	-5.681345756682731896e-01	7.234308577144285834e+01
4.279034565297297199e+00	-5.632974812935899189e-01	7.231807951987997285e+01
4.281036567299299378e+00	-5.581103130563961345e-01	8.329582395598900746e+01
4.283038569301300669e+00	-5.529181712696258355e-01	5.501375343835959164e+00
4.285040571303302848e+00	-5.477705721918132431e-01	5.501375343835959164e+00
4.287042573305305027e+00	-5.425844132240278395e-01	5.501375343835959164e+00
4.289044575307307205e+00	-5.373597559769768273e-01	5.501375343835959164e+00
4.291046577309309384e+00	-5.320966714747148441e-01	5.501375343835959164e+00
4.293048579311310675e+00	-5.268391349229739617e-01	5.476369092273068340e+00
4.295050581313312854e+00	-5.218631154372437297e-01	1.645411352838209496e+01
4.297052583315315033e+00	-5.165917703437664654e-01	5.476369092273068340e+00
4.299054585317317212e+00	-5.114133911727827275e-01	5.476369092273068340e+00
4.301056587319319391e+00	-5.061986011544985509e-01	5.476369092273068340e+00
4.303058589321320682e+00	-5.009474515196732369e-01	5.476369092273068340e+00
4.305060591323322861e+00	-4.956600024218440481e-01	5.476369092273068340e+00
4.307062593325325039e+00	-4.903932183410407708e-01	9.227306826706677612e+01
4.309064595327327218e+00	-4.852632418735964293e-01	8.129532383095774151e+01
4.311066597329329397e+00	-4.800509522847233312e-01	7.031757939484872111e+01
4.313068599331330688e+00	-4.746697466650851016e-01	5.936484121030257910e+01
4.315070601333332867e+00	-4.695265815242845031e-01	5.933983495873968650e+01
4.317072603335335046e+00	-4.642292353765833379e-01	4.838709677419355160e+01
4.319074605337337225e+00	-4.590958538685089296e-01	4.836209052263065900e+01
4.321076607339339404e+00	-4.531476666674855158e-01	9.124781195298825764e+01
4.323078609341340695e+00	-4.487851788375960549e-01	8.029507376844210853e+01
4.325080611343342873e+00	-4.437047123168011420e-01	3.740935233808452409e+01
4.327082613345345052e+00	-4.383996528046544272e-01	6.934233558389597363e+01
4.329084615347347231e+00	-4.319660768663540207e-01	6.929232308077020264e+01
4.331086617349349410e+00	-4.277441883553215196e-01	9.029757439359840987e+01
4.333088619351350701e+00	-4.229217047875164504e-01	5.836459114778694612e+01
4.335090621353352880e+00	-4.176817038795771486e-01	2.645661415353838564e+01
4.337092623355355059e+00	-4.125173242754506808e-01	2.643160790197549659e+01
4.339094625357357238e+00	-4.071405521089189739e-01	2.643160790197549659e+01
4.341096627359359417e+00	-4.020738956117253515e-01	4.741185296324081122e+01
4.343098629361360707e+00	-3.968312688274445721e-01	6.836709177294324036e+01
4.345100631363362886e+00	-3.906517049817908038e-01	8.929732433108277689e+01
4.347102633365365065e+00	-3.845806502029146534e-01	9.937484371092773472e+01
4.349104635367367244e+00	-3.816590306605102123e-01	9.932483120780194952e+01
4.351106637369369423e+00	-3.763292823416515831e-01	5.738934733683421285e+01
4.353108639371370714e+00	-3.712438897880782629e-01	3.643410852713178372e+01
4.355110641373372893e+00	-3.662667198911117028e-01	8.837209302325581461e+01
4.357112643375375072e+00	-3.611243084241443357e-01	6.741685421355339258e+01
4.359114645377377251e+00	-3.560816423449676971e-01	9.837459364841210174e+01
4.361116647379379430e+00	-3.509440766266971323e-01	1.547886971742935813e+01
4.363118649381380720e+00	-3.460704941083481145e-01	1.547886971742935813e+01
4.365120651383382899e+00	-3.408789196901308993e-01	1.547886971742935813e+01
4.367122653385385078e+00	-3.356718800505824052e-01	8.739684921230308134e+01
4.369124655387387257e+00	-3.307642507305218471e-01	5.643910977744436508e+01
4.371126657389389436e+00	-3.248356205987887879e-01	1.545386346586646731e+01
4.373128659391390727e+00	-3.205940707419585034e-01	6.644161040260065931e+01
4.375130661393392906e+00	-3.156016561826088251e-01	2.548137034258564881e+01
4.377132663395395085e+00	-3.107350473214023912e-01	2.548137034258564881e+01
4.379134665397397264e+00	-3.053559257106045477e-01	3.550887721930482854e+01
4.381136667399399443e+00	-3.005474649112751528e-01	3.548387096774193594e+01
4.383138669401400733e+00	-2.955667231446308385e-01	4.551137784446111567e+01
4.385140671403402912e+00	-2.907307152792971694e-01	4.548637159289822307e+01
4.387142673405405091e+00	-2.856851697370769161e-01	6.551637909477369703e+01
4.389144675407407270e+00	-2.808218198670834331e-01	7.551887971992998416e+01
4.391146677409409449e+00	-2.750850598140403003e-01	9.549887471867967292e+01
4.393148679411410740e+00	-2.655399424747657555e-01	9.547386846711678743e+01
4.395150681413412919e+00	-2.510200092591418630e-01	9.542385596399100223e+01
4.397152683415415098e+00	-2.549307847230000146e-01	9.467366841710428105e+01
4.399154685417417276e+00	-2.555248857207940150e-01	9.462365591397849585e+01
4.401156687419419455e+00	-2.514306080785970732e-01	7.459364841210303609e+01
4.403158689421420746e+00	-2.465920379995640843e-01	6.456614153538384926e+01
4.405160691423422925e+00	-2.415073411876166309e-01	5.456364091022756213e+01
4.407162693425425104e+00	-2.366914878640391517e-01	4.456114028507126790e+01
4.409164695427427283e+00	-2.322352486386456416e-01	3.455863965991498077e+01
4.411166697429429462e+00	-2.270388832773352350e-01	9.364841210302576258e+01
4.413168699431430753e+00	-2.225549816527562230e-01	2.455613903475869009e+01
4.415170701433432932e+00	-2.177323590019821786e-01	2.455613903475869009e+01
4.417172703435435110e+00	-2.127486322334918301e-01	6.366591647911977958e+01
4.419174705437437289e+00	-2.074080813029754999e-01	2.453113278319580104e+01
4.421176707439439468e+00	-2.033345745145378469e-01	5.363840960240059985e+01
4.423178709441440759e+00	-1.987356977808135694e-01	8.274568642160539866e+01
4.425180711443442938e+00	-1.941331575301959989e-01	1.455363840960240118e+01
4.427182713445445117e+00	-1.894186111535964834e-01	1.455363840960240118e+01
4.429184715447447296e+00	-1.844763232337307546e-01	1.452863215803951036e+01
4.431186717449449475e+00	-1.798868904885951858e-01	1.452863215803951036e+01
4.433188719451450766e+00	-1.752527755435889234e-01	6.271567891972993181e+01
4.435190721453452944e+00	-1.706276873032750441e-01	8.182045511377845060e+01
4.437192723455455123e+00	-1.661801769896203984e-01	3.363340835208802559e+01
4.439194725457457302e+00	-1.613715813559166712e-01	5.271317829457364468e+01
4.441196727459459481e+00	-1.569160708990934849e-01	9.089772443110777544e+01
4.443198729461460772e+00	-1.491928596083582081e-01	7.176794198549637827e+01
4.445200731463462951e+00	-1.475142185758518965e-01	1.000000000000000000e+02
4.447202733465465130e+00	-1.432650229436333578e-01	6.181545386346586923e+01
4.449204735467467309e+00	-1.386103303391217900e-01	4.271067766941735755e+01
4.451206737469469488e+00	-1.339843353153933325e-01	8.999749937484371287e+01
4.453208739471470778e+00	-1.297728650854277355e-01	2.363090772693173491e+01
4.455210741473473846e+00	-1.251741093341574018e-01	9.907476869217305193e+01
4.457212743475475136e+00	-1.206042567834436641e-01	5.181295323830958210e+01
4.459214745477477315e+00	-1.151516125883304542e-01	7.996999249812454025e+01
4.461216747479479494e+00	-1.116450824266023156e-01	8.907226806701676480e+01
4.463218749481480785e+00	-1.073782768263018550e-01	3.273318329582395592e+01
4.465220751483483852e+00	-1.028638941792706651e-01	3.270817704426106332e+01
4.467222753485485143e+00	-9.810783467903000377e-02	6.996749187296823891e+01
4.469224755487487322e+00	-9.397303942627932560e-02	7.906976744186046346e+01
4.471226757489489501e+00	-8.979957528317505933e-02	4.181045261315328787e+01
4.473228759491490791e+00	-8.537649859239171413e-02	9.727431857964491257e+01
4.475230761493493858e+00	-8.098517427408868929e-02	5.088772193048261983e+01
4.477232763495495149e+00	-7.685973661014866565e-02	5.998999749937484438e+01
4.479234765497497328e+00	-7.245269649723240502e-02	6.909227306826707604e+01
4.481236767499499507e+00	-6.814260337953681468e-02	7.816954238559640089e+01
4.483238769501500798e+00	-6.394301430236959405e-02	4.551137784446111390e+00
4.485240771503503865e+00	-5.976343118286325806e-02	4.551137784446111390e+00
4.487242773505505156e+00	-5.556857481008303790e-02	4.551137784446111390e+00
4.489244775507507335e+00	-5.135855649655829414e-02	4.551137784446111390e+00
4.491246777509509513e+00	-4.713349109400571946e-02	4.551137784446111390e+00
4.493248779511510804e+00	-4.289425209953134921e-02	1.362840710177544423e+01
4.495250781513513871e+00	-3.867971365228933811e-02	1.362840710177544423e+01
4.497252783515515162e+00	-3.436921412924265340e-02	4.551137784446111390e+00
4.499254785517517341e+00	-3.008893785902333473e-02	4.526131532883220565e+00
4.501256787519519520e+00	-2.612164326761190480e-02	9.457364341085271064e+01
4.503258789521520811e+00	-2.195586332772531124e-02	7.639409852463116124e+01
4.505260791523523878e+00	-1.808893081843909734e-02	6.729182295573893668e+01
4.507262793525525169e+00	-1.377330005343863073e-02	5.818954738684671213e+01
4.509264795527527347e+00	-9.729841143507722556e-03	4.911227806951738017e+01
4.511266797529529526e+00	-5.697602521040678880e-03	9.367341835458864807e+01
4.513268799531530817e+00	-1.857269777973957758e-03	8.457114278569642352e+01
4.515270801533533884e+00	2.208841083686796658e-03	4.001000250062515562e+01
4.517272803535535175e+00	6.927475209756728258e-03	6.641660415103775961e+01
4.519274805537537354e+00	1.020616978989213885e-02	6.639159789947487411e+01
4.521276807539539533e+00	1.437105406985539346e-02	3.093273318329582366e+01
4.523278809541540824e+00	1.819982687867544024e-02	8.369592398099524644e+01
4.525280811543543891e+00	2.334037693891566345e-02	8.364591147786947545e+01
4.527282813545545181e+00	2.592053991794152079e-02	7.459364841210303609e+01
4.529284815547547360e+00	2.989168341552084218e-02	4.821205301325331760e+01
4.531286817549549539e+00	3.381009444208393777e-02	2.183045761440360266e+01
4.533288819551550830e+00	3.750091396696764168e-02	2.183045761440360266e+01
4.535290821553553897e+00	4.162646050220375482e-02	3.913478369592398565e+01
4.537292823555555188e+00	4.544649154587265816e-02	3.910977744436109305e+01
4.539294825557557367e+00	4.932060464943244238e-02	5.641410352588147248e+01
4.541296827559559546e+00	5.382896532747705187e-02	9.097274318579644614e+01
4.543298829561560837e+00	5.819318634878389851e-02	9.922480620155039333e+01
4.545300831563563904e+00	6.058160192021672108e-02	8.189547386846712129e+01
4.547302833565565194e+00	6.447078089617952479e-02	4.733683420855214052e+01
4.549304835567567373e+00	6.798050029363411628e-02	3.003250812703175754e+01
4.551306837569569552e+00	7.169285189622320864e-02	7.281820455113778223e+01
4.553308839571570843e+00	7.553330047294826155e-02	9.832458114528633075e+01
4.555310841573573910e+00	7.922811578014465894e-02	5.551387846961740991e+01
4.557312843575575201e+00	8.270206833945897840e-02	1.275318829707426893e+01
4.559314845577577380e+00	8.637112920592127097e-02	1.275318829707426893e+01
4.561316847579579559e+00	9.026466738599914219e-02	1.275318829707426893e+01
4.563318849581580849e+00	9.372210286976706550e-02	7.194298574643661937e+01
4.565320851583583917e+00	9.757996542007352225e-02	1.272818204551137811e+01
4.567322853585585207e+00	1.012017439732545987e-01	8.014503625906476714e+01
4.569324855587587386e+00	1.045199404290184653e-01	8.834708677169292912e+01
4.571326857589589565e+00	1.081838014227263223e-01	5.463865966491623283e+01
4.573328859591590856e+00	1.115268901691383596e-01	2.095523880970242558e+01
4.575330861593593923e+00	1.153371452154623444e-01	7.106776694173544229e+01
4.577332863595595214e+00	1.189082031870058453e-01	7.926981745436359006e+01
4.579334865597597393e+00	1.220739264742319308e-01	2.915728932233058401e+01
4.581336867599599572e+00	1.259901643080195699e-01	9.564891222805701432e+01
4.583338869601600862e+00	1.290646532092399879e-01	3.735933983495873889e+01
4.585340871603603929e+00	1.325071017879082547e-01	4.556139034758690087e+01
4.587342873605605220e+00	1.360698138832810988e-01	5.376344086021505575e+01
4.589344875607607399e+00	1.395771943287913430e-01	8.659664916229057496e+01
4.591346877609609578e+00	1.436644239958341229e-01	9.477369342335583724e+01
4.593348879611611757e+00	1.524307616594747783e-01	9.472368092023006625e+01
4.595350881613613936e+00	1.617730218481581161e-01	9.399849962490623057e+01
4.597352883615615227e+00	1.567905014182323642e-01	9.394848712178044536e+01
4.599354885617617406e+00	1.564389346057842300e-01	9.392348087021755987e+01
4.601356887619619584e+00	1.597685236560142941e-01	6.929232308077020264e+01
4.603358889621621763e+00	1.629680558219372966e-01	5.288822205551387867e+01
4.605360891623623942e+00	1.663498940136253212e-01	4.468617154288572380e+01
4.607362893625625233e+00	1.695951453278281562e-01	3.648412103025756892e+01
4.609364895627627412e+00	1.729001382210585414e-01	2.828207051762940694e+01
4.611366897629629591e+00	1.763126208333142264e-01	2.828207051762940694e+01
4.613368899631631770e+00	1.796159284920518795e-01	6.844211052763191105e+01
4.615370901633633949e+00	1.825987097069396992e-01	2.008002000500125206e+01
4.617372903635635240e+00	1.859058277804780390e-01	6.021505376344086358e+01
4.619374905637637418e+00	1.892980093708117595e-01	2.005501375343835946e+01
4.621376907639639597e+00	1.924828876460109583e-01	8.394598649662415824e+01
4.623378909641641776e+00	1.954897942400048994e-01	7.576894223555889596e+01
4.625380911643643955e+00	1.985684091420236719e-01	4.381095273818454672e+01
4.627382913645645246e+00	2.018261566070113089e-01	1.187796949237309363e+01
4.629384915647647425e+00	2.048156864175211256e-01	1.187796949237309363e+01
4.631386917649649604e+00	2.079251271827518566e-01	3.560890222555639184e+01
4.633388919651651783e+00	2.113563373639685272e-01	1.187796949237309363e+01
4.635390921653653962e+00	2.141625633684496322e-01	7.489372343085771888e+01
4.637392923655655252e+00	2.173853198505994455e-01	5.113778444611153162e+01
4.639394925657657431e+00	2.207372281919878221e-01	6.669167291822955690e+01
4.641396927659659610e+00	2.233904998126687858e-01	2.740685171292823341e+01
4.643398929661661789e+00	2.264279970265740127e-01	2.740685171292823341e+01
4.645400931663663968e+00	2.294743895722541893e-01	4.293573393348336964e+01
4.647402933665665259e+00	2.323740191493637308e-01	7.401850462615654180e+01
4.649404935667667438e+00	2.366638653265484282e-01	8.952238059514878898e+01
4.651406937669669617e+00	2.395937834037891734e-01	9.692423105776444459e+01
4.653408939671671796e+00	2.414047113959778557e-01	8.134533633408352671e+01
4.655410941673673975e+00	2.444347509663261642e-01	3.475868967241810736e+01
4.657412943675675265e+00	2.472133338892672505e-01	3.473368342085521476e+01
4.659414945677677444e+00	2.504473366702401615e-01	7.314328582145536473e+01
4.661416947679679623e+00	2.529729710382089825e-01	1.920480120030007498e+01
4.663418949681681802e+00	2.559539023924177203e-01	1.920480120030007498e+01
4.665420951683683981e+00	2.588248918804603171e-01	4.208552138034508516e+01
4.667422953685685272e+00	2.619142350099125105e-01	4.206051512878219967e+01
4.669424955687687451e+00	2.655147037129715892e-01	8.779694923730933453e+01
4.671426957689689630e+00	2.674039782815813560e-01	7.229307326831708735e+01
4.673428959691691809e+00	2.702410868365237029e-01	4.941235308827207007e+01
4.675430961693693988e+00	2.730298752470119439e-01	7.961990497624405805e+01
4.677432963695695278e+00	2.759403237931705721e-01	2.653163290822705633e+01
4.679434965697697457e+00	2.792986841071062321e-01	8.694673668417104295e+01
4.681436967699699636e+00	2.813568726382257301e-01	6.409102275568892537e+01
4.683438969701701815e+00	2.842519774069075522e-01	3.388347086771693029e+01
4.685440971703703994e+00	2.873226378908293466e-01	3.385846461615403769e+01
4.687442973705705285e+00	2.897008677005865618e-01	4.121030257564391519e+01
4.689444975707707464e+00	2.927949526719608730e-01	3.675918979744936532e+00
4.691446977709709643e+00	2.953307890371968947e-01	4.853713428357089299e+01
4.693448979711711821e+00	2.977109320510991086e-01	5.588897224306077050e+01
4.695450981713714000e+00	3.005555279129819013e-01	3.675918979744936532e+00
4.697452983715715291e+00	3.031549578232068942e-01	3.675918979744936532e+00
4.699454985717717470e+00	3.057605698053365018e-01	3.675918979744936532e+00
4.701456987719719649e+00	3.083722999648816909e-01	3.675918979744936532e+00
4.703458989721721828e+00	3.109900832869630927e-01	3.675918979744936532e+00
4.705460991723724007e+00	3.136138536424762924e-01	3.675918979744936532e+00
4.707462993725725298e+00	3.162435437911541025e-01	3.675918979744936532e+00
4.709464995727727477e+00	3.188006491397966657e-01	2.568142035508877186e+01
4.711466997729729655e+00	3.213850878475947859e-01	1.100275068767191833e+01
4.713468999731731834e+00	3.241046646238063822e-01	1.100275068767191833e+01
4.715471001733734013e+00	3.268201188107918709e-01	3.675918979744936532e+00
4.717473003735735304e+00	3.293998581816571236e-01	3.650912728182045708e+00
4.719475005737737483e+00	3.318909371552160037e-01	3.650912728182045708e+00
4.721477007739739662e+00	3.343122847960665611e-01	7.619404851212803464e+01
4.723479009741741841e+00	3.368166229429029879e-01	6.884221055263816424e+01
4.725481011743744020e+00	3.393985533083030415e-01	3.650912728182045708e+00
4.727483013745745311e+00	3.418937455345250065e-01	5.416354088522130894e+01
4.729485015747747489e+00	3.442494371655977492e-01	4.683670917729432404e+01
4.731487017749749668e+00	3.466960006680389617e-01	8.267066766691672797e+01
4.733489019751751847e+00	3.491766575557797569e-01	3.948487121780445364e+01
4.735491021753754026e+00	3.518023688636423008e-01	6.799199799949987266e+01
4.737493023755755317e+00	3.539381344429481935e-01	3.215803950987746873e+01
4.739495025757757496e+00	3.565909914460647645e-01	8.914728682170543550e+01
4.741497027759759675e+00	3.594216911599313891e-01	5.333833458364591706e+01
4.743499029761761854e+00	3.611503887368673338e-01	5.331332833208302446e+01
4.745501031763764033e+00	3.635782886920433943e-01	2.483120780195048738e+01
4.747503033765765323e+00	3.660105841428014095e-01	9.562390597649412882e+01
4.749505035767767502e+00	3.683309418749811659e-01	6.714178544636159529e+01
4.751507037769769681e+00	3.714335895643466889e-01	8.827206801700425842e+01
4.753509039771771860e+00	3.732574402767052657e-01	5.981495373843461039e+01
4.755511041773774039e+00	3.755198185728314542e-01	5.978994748687171779e+01
4.757513043775775330e+00	3.778388544506982027e-01	1.750437609402350603e+01
4.759515045777777509e+00	3.802464189994979593e-01	1.747936984246061698e+01
4.761517047779779688e+00	3.822431889948131323e-01	1.747936984246061698e+01
4.763519049781781867e+00	3.846218401848763291e-01	1.747936984246061698e+01
4.765521051783784046e+00	3.868161296647277814e-01	8.009502375593898194e+01
4.767523053785785336e+00	3.891832453452837570e-01	3.130782695673918781e+01
4.769525055787787515e+00	3.914830779512817327e-01	4.511127781945486248e+01
4.771527057789789694e+00	3.937334954038198553e-01	8.657164291072768947e+01
4.773529059791791873e+00	3.980108829738828180e-01	8.654663665916478976e+01
4.775531061793794052e+00	3.988025760385859320e-01	7.926981745436359006e+01
4.777533063795795343e+00	4.004558144256393781e-01	7.924481120280070456e+01
4.779535065797797522e+00	4.026504423009177325e-01	3.778444611152788468e+01
4.781537067799799701e+00	4.047217367579750702e-01	2.398099524881220290e+01
4.783539069801801880e+00	4.068211404261942721e-01	7.191797949487371966e+01
4.785541071803804059e+00	4.090980566488907066e-01	2.395598899724931385e+01
4.787543073805805349e+00	4.116462584041604700e-01	2.395598899724931385e+01
4.789545075807807528e+00	4.135027602787449963e-01	4.428607151787947060e+01
4.791547077809809707e+00	4.156117802990167975e-01	6.459114778694673475e+01
4.793549079811811886e+00	4.176117926034972339e-01	1.015253813453363385e+01
4.795551081813814065e+00	4.196082263807924817e-01	1.015253813453363385e+01
4.797553083815815356e+00	4.217233468952006348e-01	1.015253813453363385e+01
4.799555085817817535e+00	4.239562988787721753e-01	1.015253813453363385e+01
4.801557087819819714e+00	4.262507969412019371e-01	5.723930982745686435e+01
4.803559089821821892e+00	4.282232357296973380e-01	8.404601150287572864e+01
4.805561091823824071e+00	4.300922055730170279e-01	3.693423355838960020e+01
4.807563093825825362e+00	4.324635390620492070e-01	9.049762440610153647e+01
4.809565095827827541e+00	4.342333734688714753e-01	9.699924981245311528e+01
4.811567097829829720e+00	4.364216771715220267e-01	4.341085271317829353e+01
4.813569099831831899e+00	4.385671430059789877e-01	1.665416354088522155e+01
4.815571101833834078e+00	4.403459536308226840e-01	1.662915728932233250e+01
4.817573103835835369e+00	4.423450645577247098e-01	1.662915728932233250e+01
4.819575105837837548e+00	4.444082507910550595e-01	9.614903725931483791e+01
4.821577107839839726e+00	4.463781306310833918e-01	2.313078269567391843e+01
4.823579109841841905e+00	4.483281379572185976e-01	6.936734183545887333e+01
4.825581111843844084e+00	4.503088083534133590e-01	7.584396099024756666e+01
4.827583113845845375e+00	4.522148976282517330e-01	2.960740185046261530e+01
4.829585115847847554e+00	4.543265163186208655e-01	9.529882470617654633e+01
4.831587117849849733e+00	4.561563159058324990e-01	3.608402100525131573e+01
4.833589119851851912e+00	4.583317033234522997e-01	4.906226556639160208e+01
4.835591121853854091e+00	4.601561104249644041e-01	5.553888472118029540e+01
4.837593123855855382e+00	4.619909915697382186e-01	6.851712928232058175e+01
4.839595125857857560e+00	4.639613038938181777e-01	9.444861215303826896e+01
4.841597127859859739e+00	4.691185764672034519e-01	9.442360590147536925e+01
4.843599129861861918e+00	4.776280812392054154e-01	9.437359339834959826e+01
4.845601131863864097e+00	4.766072661246617548e-01	9.367341835458864807e+01
4.847603133865865388e+00	4.728449608968818829e-01	9.364841210302576258e+01
4.849605135867867567e+00	4.733997486141051092e-01	8.712178044511128405e+01
4.851607137869869746e+00	4.751410883694984211e-01	6.766691672918230438e+01
4.853609139871871925e+00	4.770922887122190370e-01	5.468867216804201092e+01
4.855611141873874104e+00	4.788049293036988341e-01	4.173543385846461717e+01
4.857613143875875394e+00	4.808935614526710922e-01	3.525881470367592385e+01
4.859615145877877573e+00	4.825247122476006845e-01	9.277319329832458550e+01
4.861617147879879752e+00	4.842716107715359097e-01	2.875718929732433082e+01
4.863619149881881931e+00	4.861222281770614106e-01	7.331832958239560583e+01
4.865621151883884110e+00	4.878846002262732240e-01	2.228057014253563395e+01
4.867623153885885401e+00	4.897253234586438353e-01	6.034008502125531948e+01
4.869625155887887580e+00	4.916707334836336596e-01	5.386346586646661905e+01
4.871627157889889759e+00	4.932837420885334279e-01	8.544636159039760059e+01
4.873629159891891938e+00	4.951469753786630901e-01	4.738684671167791862e+01
4.875631161893894117e+00	4.968403584891130098e-01	1.577894473618404625e+01
4.877633163895895407e+00	4.986006632615628265e-01	1.577894473618404625e+01
4.879635165897897586e+00	5.002614602637163177e-01	4.088522130532633270e+01
4.881637167899899765e+00	5.025162923475328114e-01	6.596649162290573543e+01
4.883639169901901944e+00	5.037518610415465670e-01	8.459614903725932322e+01
4.885641171903904123e+00	5.054714655450107674e-01	3.440860215053763937e+01
4.887643173905905414e+00	5.074147446772202530e-01	3.438359589897474677e+01
4.889645175907907593e+00	5.090068285215649802e-01	5.301325331332833457e+01
4.891647177909909772e+00	5.107213400541205095e-01	9.302325581395349374e+00
4.893649179911911951e+00	5.122322144371381780e-01	9.302325581395349374e+00
4.895651181913914129e+00	5.138335093785926233e-01	9.302325581395349374e+00
4.897653183915915420e+00	5.155246345899239246e-01	9.302325581395349374e+00
4.899655185917917599e+00	5.173049588328426651e-01	9.302325581395349374e+00
4.901657187919919778e+00	5.190201419815123618e-01	4.006001500375094082e+01
4.903659189921921957e+00	5.205760000881425320e-01	7.079269817454364500e+01
4.905661191923924136e+00	5.225942755240035043e-01	2.145536384096024207e+01
4.907663193925925427e+00	5.239122922005072791e-01	5.216304076019005009e+01
4.909665195927927606e+00	5.254286700014553224e-01	2.143035758939734947e+01
4.911667197929929785e+00	5.270493897250128068e-01	2.143035758939734947e+01
4.913669199931931963e+00	5.287176783239788680e-01	8.854713678419605571e+01
4.915671201933934142e+00	5.303671267824786595e-01	3.355838959739934779e+01
4.917673203935935433e+00	5.318198290356270785e-01	5.781445361340335154e+01
4.919675205937937612e+00	5.337203244213267750e-01	9.419854963740935716e+01
4.921677207939939791e+00	5.380013223401882705e-01	9.414853713428357196e+01
4.923679209941941970e+00	5.368166826464180197e-01	9.984996249062265861e+01
4.925681211943944149e+00	5.381728156009195629e-01	6.346586646661666009e+01
4.927683213945945440e+00	5.396748527030280629e-01	3.920980245061265634e+01
4.929685215947947619e+00	5.412705697034818630e-01	2.708177044261065447e+01
4.931687217949949797e+00	5.429149226713283483e-01	2.708177044261065447e+01
4.933689219951951976e+00	5.445019930713439482e-01	5.698924731182795966e+01
4.935691221953954155e+00	5.459155418723946607e-01	1.495373843460865260e+01
4.937693223955955446e+00	5.473404846054237272e-01	1.495373843460865260e+01
4.939695225957957625e+00	5.489996981873060955e-01	1.495373843460865260e+01
4.941697227959959804e+00	5.504357386785341255e-01	6.261565391347837561e+01
4.943699229961961983e+00	5.519792781064299936e-01	3.273318329582395592e+01
4.945701231963964162e+00	5.535220453004898733e-01	3.270817704426106332e+01
4.947703233965965453e+00	5.550933891482390248e-01	8.604651162790698038e+01
4.949705235967967631e+00	5.575317568519944089e-01	7.394348587146787111e+01
4.951707237969969810e+00	5.579143756649986852e-01	7.391847961990498561e+01
4.953709239971971989e+00	5.594559806373355926e-01	3.835958989747437187e+01
4.955711241973974168e+00	5.608274983533670932e-01	2.060515128782195760e+01
4.957713243975975459e+00	5.623266278587288891e-01	6.179044761190297663e+01
4.959715245977977638e+00	5.637492720537151669e-01	8.519629907476870301e+01
4.961717247979979817e+00	5.652379796926557676e-01	4.401100275068767331e+01
4.963719249981981996e+00	5.672607270583330807e-01	9.082270567641910475e+01
4.965721251983984175e+00	5.680278710301929213e-01	4.966241560390097476e+01
4.967723253985985465e+00	5.696971713158478501e-01	4.963740935233808926e+01
4.969725255987987644e+00	5.708523879426834480e-01	2.623155788947236999e+01
4.971727257989989823e+00	5.724027749477714755e-01	5.528882220555139071e+01
4.973729259991992002e+00	5.739078621654611911e-01	8.999749937484371287e+01
4.975731261993994181e+00	5.750257810725800667e-01	3.188297074268567144e+01
4.977733263995995472e+00	5.766388078277624452e-01	6.659164791197800071e+01
4.979735265997997651e+00	5.778697507814963830e-01	3.753438359589897289e+01
4.981737267999999830e+00	5.795238802256268418e-01	7.786946736684171810e+01
